ARMmbed/mbedtls 27 29 41 51 88 100 102 104 105 107 108 109 110 112 113 114 130 135 140 148 159 160 162 211 212 214 263 264 286 287 293 299 304 307 320 325 328 341 353 370 384 392 432 474 480 485 515 536 547 563 566 568 592 615 634 635 638 670 681 685 730 731 750 828 856 871 873 894 897 898 930 943 944 947 948 964 965 968 999 1012 1013 1025 1029 1037 1055 1060 1080 1081 1082 1083 1088 1096 1099 1132 1139 1164 1166 1168 1173 1176 1178 1181 1183 1190 1195 1198 1201 1208 1229 1263 1270 1272 1273 1274 1284 1292 1297 1305 1306 1308 1315 1316 1317 1318 1319 1320 1322 1323 1324 1325 1326 1327 1341 1365 1368 1384 1393 1394 1395 1396 1399 1400 1401 1405 1410 1424 1427 1433 1434 1446 1453 1454 1462 1555 1566 1570 1593 1598 1604 1611 1617 1622 1633 1634 1638 1639 1643 1646 1655 1656 1657 1658 1678 1679 1680 1684 1685 1686 1687 1688 1689 1708 1709 1711 1712 1716 1727 1728 1734 1735 1738 1739 1740 1741 1742 1743 1744 1745 1747 1748 1749 1750 1752 1753 1755 1762 1763 1766 1770 1771 1818 1824 1829 1834 1835 1839 1852 1854 1863 1864 1870 1875 1879 1886 1887 1900 1902 1912 1915 1918 1919 1926 1927 1929 1930 1935 1939 1942 1944 1945 1951 1955 1956 1957 1958 1959 1960 1961 1966 1976 1977 1988 1990 1991 1993 1994 2006 2007 2011 2013 2019 2021 2031 2032 2033 2053 2054 2073 2075 2076 2090 2091 2095 2096 2097 2100 2107 2109 2110 2111 2112 2113 2115 2116 2118 2123 2124 2130 2146 2156 2159 2160 2162 2165 2172 2175 2178 2179 2183 2184 2191 2197 2199 2201 2205 2206 2207 2208 2209 2231 2235 2245 2246 2252 2262 2266 2268 2269 2270 2271 2272 2273 2274 2275 2276 2277 2279 2281 2282 2283 2285 2287 2288 2289 2290 2291 2292 2296 2297 2298 2299 2302 2314 2315 2316 2317 2320 2322 2323 2325 2327 2330 2331 2332 2338 2339 2343 2345 2346 2349 2350 2351 2355 2361 2365 2374 2376 2380 2382 2387 2388 2391 2393 2395 2396 2397 2403 2407 2411 2412 2421 2430 2432 2433 2434 2438 2439 2440 2442 2443 2463 2464 2469 2470 2471 2472 2478 2480 2481 2482 2483 2484 2491 2506 2519 2520 2530 2531 2532 2534 2535 2536 2539 2545 2546 2558 2562 2573 2574 2583 2586 2592 2603 2613 2617 2618 2619 2630 2632 2633 2636 2637 2638 2639 2644 2647 2648 2649 2655 2660 2667 2668 2681 2684 2697 2698 2699 2700 2701 2702 2704 2721 2733 2741 2744 2748 2756 2764 2765 2766 2767 2769 2770 2771 2781 2785 2788 2789 2790 2791 2792 2799 2821 2826 2828 2836 2839 2840 2856 2860 2878 2932 2933 2949 2950 2953 2963 2972 2975 2976 2999 3038 3044 3050 3060 3061 3078 3080 3082 3085 3093 3094 3100 3101 3118 3120 3126 3127 3128 3132 3133 3135 3136 3137 3138 3142 3145 3147 3149 3150 3155 3159 3162 3164 3165 3169 3170 3176 3177 3184 3185 3190 3192 3194 3196 3197 3198 3199 3200 3207 3208 3210 3213 3214 3216 3218 3219 3238 3247 3248 3283 3284 3286 3295 3330 3337 3367 3387 3407 3418 3424 3438 3441 3446 3447 3454 3458 3460 3461 3462 3463 3464 3465 3474 3475 3476
ARMmbed/mbedtls 91 2559 2571 2572 2585
ARMmbed/mbedtls 126 2213 2347
ARMmbed/mbedtls 151 156
ARMmbed/mbedtls 157 2730 2731 2732
ARMmbed/mbedtls 171 1062 1112 1113 1135 1184 1185 1186 1187 1219 1373
ARMmbed/mbedtls 185 2757
ARMmbed/mbedtls 186 3302 3313
ARMmbed/mbedtls 262 2843
ARMmbed/mbedtls 284 2663 2873 2897
ARMmbed/mbedtls 305 2894 2895 2902 2903
ARMmbed/mbedtls 319 337
ARMmbed/mbedtls 323 647 658 726 1243 1379 1390 1391 1436 1448 1486 1487 1488 1494 1529 1545 1575 1579
ARMmbed/mbedtls 329 2943
ARMmbed/mbedtls 330 2964
ARMmbed/mbedtls 348 481 1528
ARMmbed/mbedtls 354 3007 3014
ARMmbed/mbedtls 356 711 712
ARMmbed/mbedtls 361 809 813 1540 1813 2538 3235
ARMmbed/mbedtls 376 900 901 902 1043 1044 1045 1333 1334 1335
ARMmbed/mbedtls 403 1471
ARMmbed/mbedtls 405 1476 1480
ARMmbed/mbedtls 414 1602
ARMmbed/mbedtls 422 2495
ARMmbed/mbedtls 423 2496
ARMmbed/mbedtls 457 3398 3411 3412
ARMmbed/mbedtls 479 975 1549
ARMmbed/mbedtls 491 526 589 603 688 1073 1242 1465 1470 1699
ARMmbed/mbedtls 509 738 751 752 1521
ARMmbed/mbedtls 523 679
ARMmbed/mbedtls 532 919 1142 1502 1554 1572 1587 1799 1800 1848 2461 2595 2601 2604 2705 2710 2808 3363 3415
ARMmbed/mbedtls 542 814 1497 1506 1778 1781 1810 1844 1849 1850 1872 1873
ARMmbed/mbedtls 553 893 949
ARMmbed/mbedtls 580 582
ARMmbed/mbedtls 585 633 695
ARMmbed/mbedtls 598 607 608 625
ARMmbed/mbedtls 616 2342
ARMmbed/mbedtls 653 656
ARMmbed/mbedtls 674 2108
ARMmbed/mbedtls 676 677
ARMmbed/mbedtls 680 1523 1524 1525
ARMmbed/mbedtls 697 1131 1758 1898 1899
ARMmbed/mbedtls 701 1385 1386 1459 1460 1526 1527
ARMmbed/mbedtls 702 833 834
ARMmbed/mbedtls 706 1383 1467 1468 1469 1499 1500 1501
ARMmbed/mbedtls 710 1664 1665
ARMmbed/mbedtls 713 714 715 773
ARMmbed/mbedtls 719 720 721 840 841 842
ARMmbed/mbedtls 727 790 793
ARMmbed/mbedtls 729 768
ARMmbed/mbedtls 736 2344
ARMmbed/mbedtls 739 753 754
ARMmbed/mbedtls 749 762 763
ARMmbed/mbedtls 758 1532
ARMmbed/mbedtls 761 765 872 1381 1551
ARMmbed/mbedtls 772 784 942 946 1141 1153 1155 1207 1221 1222 1249 1250 1251 1559 1641 2028 2048 2049 2074 2120 2148 2149 2167 2176 2177 2189 2390 2429 2510 2511
ARMmbed/mbedtls 775 776
ARMmbed/mbedtls 778 1009 1010
ARMmbed/mbedtls 785 786
ARMmbed/mbedtls 787 799
ARMmbed/mbedtls 797 800
ARMmbed/mbedtls 806 1165
ARMmbed/mbedtls 816 924 925 928
ARMmbed/mbedtls 819 1567 2864
ARMmbed/mbedtls 829 830 831
ARMmbed/mbedtls 865 867 1050 1056 1097 1134 1493
ARMmbed/mbedtls 866 1240
ARMmbed/mbedtls 874 879
ARMmbed/mbedtls 877 909 910
ARMmbed/mbedtls 885 914 915
ARMmbed/mbedtls 886 1031 1032
ARMmbed/mbedtls 888 904 905 906 908 913 938
ARMmbed/mbedtls 889 890
ARMmbed/mbedtls 895 916 917
ARMmbed/mbedtls 903 934 935
ARMmbed/mbedtls 921 1375 1522 1644 1760 1779 1780 1796 1797 1999 2044 2319 2354 2445 2446 3121 3453
ARMmbed/mbedtls 927 1804 1805
ARMmbed/mbedtls 936 937
ARMmbed/mbedtls 939 940 953 1296
ARMmbed/mbedtls 954 955
ARMmbed/mbedtls 956 974
ARMmbed/mbedtls 958 959 960
ARMmbed/mbedtls 985 1310 1311 2459
ARMmbed/mbedtls 987 2306
ARMmbed/mbedtls 993 1003 1196 1275 1276 1277 1294 1303 1304
ARMmbed/mbedtls 995 996
ARMmbed/mbedtls 1000 1298
ARMmbed/mbedtls 1004 1149 1194 1472 1510 1543 1546
ARMmbed/mbedtls 1006 1726 1768 1769
ARMmbed/mbedtls 1022 1094 1107
ARMmbed/mbedtls 1027 1238
ARMmbed/mbedtls 1036 1053 1054 1312 1313
ARMmbed/mbedtls 1058 1477 1479 1481
ARMmbed/mbedtls 1063 2456 2457
ARMmbed/mbedtls 1064 1455
ARMmbed/mbedtls 1065 1066 1067
ARMmbed/mbedtls 1075 1647 1648
ARMmbed/mbedtls 1078 1116 1118 1119
ARMmbed/mbedtls 1079 1295
ARMmbed/mbedtls 1089 1108 1109
ARMmbed/mbedtls 1100 1110 1111 1336 1337 1338
ARMmbed/mbedtls 1115 1731
ARMmbed/mbedtls 1123 1125 1126 1127
ARMmbed/mbedtls 1129 1137 1138 1978
ARMmbed/mbedtls 1133 1764 1765
ARMmbed/mbedtls 1136 1210 1216 1217 1223 1224 1260 1261 1262 1269 1286 1287 1288 1289 1290 1291 1328 1329 1330
ARMmbed/mbedtls 1140 1811 1812
ARMmbed/mbedtls 1145 1160 1161
ARMmbed/mbedtls 1150 1151 1152 1213 1374 1377 1421 1461 1464 1547
ARMmbed/mbedtls 1172 1174 1175 1621 1772 1774
ARMmbed/mbedtls 1180 1538 1544
ARMmbed/mbedtls 1182 1581 1582
ARMmbed/mbedtls 1204 1205 1206
ARMmbed/mbedtls 1220 1474 1490 1491
ARMmbed/mbedtls 1230 1231 1233
ARMmbed/mbedtls 1234 1577
ARMmbed/mbedtls 1236 1278 1279
ARMmbed/mbedtls 1241 1431
ARMmbed/mbedtls 1258 1794 1795 2239 2400 2401
ARMmbed/mbedtls 1265 1266 1268
ARMmbed/mbedtls 1267 1562 1606 1607
ARMmbed/mbedtls 1271 1537 2114
ARMmbed/mbedtls 1293 1300 1307 1360 1364
ARMmbed/mbedtls 1331 1903 1904 2678 2679 2680
ARMmbed/mbedtls 1352 1354
ARMmbed/mbedtls 1355 1901
ARMmbed/mbedtls 1370 1539 1541 1542
ARMmbed/mbedtls 1378 1814 1815
ARMmbed/mbedtls 1382 1389 1392
ARMmbed/mbedtls 1402 1403 1404 1663 1683 1846 1847
ARMmbed/mbedtls 1407 1408 1409
ARMmbed/mbedtls 1425 2018 3243 3419
ARMmbed/mbedtls 1435 1495
ARMmbed/mbedtls 1439 1451 1452
ARMmbed/mbedtls 1440 1449 1450
ARMmbed/mbedtls 1441 1442
ARMmbed/mbedtls 1457 1458
ARMmbed/mbedtls 1498 1585 1586
ARMmbed/mbedtls 1505 1509 1513 1580
ARMmbed/mbedtls 1520 2417 2418 2419 2435 2436 2492 2773 2774 2775
ARMmbed/mbedtls 1533 1557 1558
ARMmbed/mbedtls 1535 1552 1553
ARMmbed/mbedtls 1548 2143
ARMmbed/mbedtls 1563 1827 1828
ARMmbed/mbedtls 1592 1594 1595
ARMmbed/mbedtls 1600 1645
ARMmbed/mbedtls 1618 1718 2169 2324 2533 2777 2778
ARMmbed/mbedtls 1625 1888 1889
ARMmbed/mbedtls 1627 2041 2042
ARMmbed/mbedtls 1629 1667
ARMmbed/mbedtls 1654 1732 1733
ARMmbed/mbedtls 1668 1670 1671
ARMmbed/mbedtls 1672 1673
ARMmbed/mbedtls 1737 1808 1809
ARMmbed/mbedtls 1759 2413
ARMmbed/mbedtls 1777 2045 2046
ARMmbed/mbedtls 1783 1819 1820
ARMmbed/mbedtls 1793 1801 1802
ARMmbed/mbedtls 1806 2037
ARMmbed/mbedtls 1821 1822 1823
ARMmbed/mbedtls 1836 1837 1838
ARMmbed/mbedtls 1871 1876 1877
ARMmbed/mbedtls 1891 1893 1894
ARMmbed/mbedtls 1932 1952 1953
ARMmbed/mbedtls 1946 1947 1948
ARMmbed/mbedtls 1949 2358 2359
ARMmbed/mbedtls 1967 1974
ARMmbed/mbedtls 1970 1972 1973
ARMmbed/mbedtls 1979 1980 1981
ARMmbed/mbedtls 1982 1983 1984
ARMmbed/mbedtls 2035 2061 2168
ARMmbed/mbedtls 2039 2064 2065
ARMmbed/mbedtls 2040 2264 2265
ARMmbed/mbedtls 2052 2138 2139
ARMmbed/mbedtls 2056 2057 2058
ARMmbed/mbedtls 2059 2060
ARMmbed/mbedtls 2070 2071 2072
ARMmbed/mbedtls 2077 2135 2136
ARMmbed/mbedtls 2079 2080 2081
ARMmbed/mbedtls 2082 2083 2084
ARMmbed/mbedtls 2092 2093 2094 2441 2594
ARMmbed/mbedtls 2101 2102 2103
ARMmbed/mbedtls 2105 2389
ARMmbed/mbedtls 2106 2383 2384 2385 2513 2514
ARMmbed/mbedtls 2117 2150 2151
ARMmbed/mbedtls 2119 2128 2214 2234
ARMmbed/mbedtls 2125 2129
ARMmbed/mbedtls 2127 2152 2153
ARMmbed/mbedtls 2131 2132 2133
ARMmbed/mbedtls 2134 2144 2145
ARMmbed/mbedtls 2137 2356
ARMmbed/mbedtls 2140 2154 2155
ARMmbed/mbedtls 2185 2507
ARMmbed/mbedtls 2192 2364
ARMmbed/mbedtls 2219 2220 2221
ARMmbed/mbedtls 2222 2223
ARMmbed/mbedtls 2228 2304
ARMmbed/mbedtls 2232 2233
ARMmbed/mbedtls 2236 2260 2261 2263 2497 2498 2524 2569 2593 2596
ARMmbed/mbedtls 2244 2255 2256 2293
ARMmbed/mbedtls 2248 2249
ARMmbed/mbedtls 2286 2473 2563 2564
ARMmbed/mbedtls 2305 2318 2326 2341
ARMmbed/mbedtls 2334 2336
ARMmbed/mbedtls 2363 2398 2399 2566 2706 2711 2713 2714 2747
ARMmbed/mbedtls 2366 2501 2548
ARMmbed/mbedtls 2368 2499 2500
ARMmbed/mbedtls 2371 2450 2451
ARMmbed/mbedtls 2392 2795 2813 2830
ARMmbed/mbedtls 2405 2503 2504
ARMmbed/mbedtls 2410 2611 2612
ARMmbed/mbedtls 2427 2428
ARMmbed/mbedtls 2448 2449
ARMmbed/mbedtls 2454 2458 2460
ARMmbed/mbedtls 2465 2493 2494
ARMmbed/mbedtls 2466 2467 2468
ARMmbed/mbedtls 2474 2550 2551
ARMmbed/mbedtls 2477 2568
ARMmbed/mbedtls 2521 2561 2600
ARMmbed/mbedtls 2522 2523
ARMmbed/mbedtls 2540 2541 2542
ARMmbed/mbedtls 2549 2588 2589
ARMmbed/mbedtls 2552 2553 2554
ARMmbed/mbedtls 2555 2556 2557
ARMmbed/mbedtls 2577 2578
ARMmbed/mbedtls 2581 2582 2584
ARMmbed/mbedtls 2614 2615 2616
ARMmbed/mbedtls 2623 2645
ARMmbed/mbedtls 2641 2642 2643 2651
ARMmbed/mbedtls 2654 2657 2658
ARMmbed/mbedtls 2661 2673 2674
ARMmbed/mbedtls 2664 2665 2666
ARMmbed/mbedtls 2675 2676 2677
ARMmbed/mbedtls 2694 2695 2696
ARMmbed/mbedtls 2727 2742 2743
ARMmbed/mbedtls 2728 2736 2737
ARMmbed/mbedtls 2729 2739 2740
ARMmbed/mbedtls 2734 2735
ARMmbed/mbedtls 2751 2753
ARMmbed/mbedtls 2752 2754
ARMmbed/mbedtls 2760 2761 2762
ARMmbed/mbedtls 2779 2786 2787
ARMmbed/mbedtls 2815 2816 2817
ARMmbed/mbedtls 2835 2848 2861
ARMmbed/mbedtls 2852 3029 3030
ARMmbed/mbedtls 2853 3204 3205
ARMmbed/mbedtls 2862 2867 2892 2910
ARMmbed/mbedtls 2870 2875 2876 2877 2880 2886 2888 2889 2890 2891 2893 2918 2922 2925 2934 2948 2982 2986
ARMmbed/mbedtls 2879 2884
ARMmbed/mbedtls 2898 2899 2900
ARMmbed/mbedtls 2907 2909
ARMmbed/mbedtls 2920 2926
ARMmbed/mbedtls 2930 2952
ARMmbed/mbedtls 2942 3160
ARMmbed/mbedtls 2947 3010
ARMmbed/mbedtls 2967 2973
ARMmbed/mbedtls 2984 2988 3021 3022
ARMmbed/mbedtls 2995 3001 3002
ARMmbed/mbedtls 3008 3011 3012
ARMmbed/mbedtls 3013 3106 3107
ARMmbed/mbedtls 3016 3017
ARMmbed/mbedtls 3018 3019 3020
ARMmbed/mbedtls 3033 3034 3035
ARMmbed/mbedtls 3051 3062 3063
ARMmbed/mbedtls 3059 3069 3071 3074 3075 3092 3405
ARMmbed/mbedtls 3072 3083 3084
ARMmbed/mbedtls 3086 3090 3091
ARMmbed/mbedtls 3113 3114 3115
ARMmbed/mbedtls 3140 3143 3144
ARMmbed/mbedtls 3156 3157 3158
ARMmbed/mbedtls 3161 3163
ARMmbed/mbedtls 3180 3181 3375 3376
ARMmbed/mbedtls 3306 3307 3308
ARMmbed/mbedtls 3318 3352 3353
ARMmbed/mbedtls 3320 3372 3373 3448 3456 3477
ARMmbed/mbedtls 3341 3361 3362
ARMmbed/mbedtls 3350 3368 3369
ARMmbed/mbedtls 3351 3358 3359
ARMmbed/mbedtls 3357 3409 3430
ARMmbed/mbedtls 3374 3396 3397
ARMmbed/mbedtls 3378 3384 3385 3400 3401 3402
ARMmbed/mbedtls 3395 3434 3481 3483
ARMmbed/mbedtls 3410 3442 3443
ARMmbed/mbedtls 3422 3423
ARMmbed/mbedtls 3431 3444 3449
ARMmbed/mbedtls 3452 3479
