citra-emu/citra 1 2 5 10 11 12 14 15 16 17 18 20 21 22 23 24 28 29 32 35 38 39 40 43 45 46 47 49 50 51 57 61 62 63 65 68 69 70 71 72 73 75 82 83 84 85 108 113 116 118 147 152 153 163 165 183 186 191 192 214 222 256 265 287 289 293 331 365 374 414 444 455 503 551 613 675 702 722 726 749 753 776 789 839 859 1015 1175 1187 1195 1196 1263 1267 1288 1394 1403 1461 1462 1479 1496 1508 1518 1519 1535 1551 1613 1616 1621 1624 1634 1640 1641 1652 1662 1688 1690 1704 1745 1751 1754 1788 1820 1842 1911 1963 1974 2027 2045 2060 2126 2139 2142 2223 2249 2260 2283 2338 2367 2393 2396 2397 2406 2479 2497 2532 2533 2557 2606 2611 2628 2630 2638 2667 2669 2673 2676 2683 2686 2687 2697 2707 2716 2718 2721 2725 2726 2727 2728 2729 2732 2734 2747 2762 2766 2767 2776 2784 2792 2795 2799 2800 2803 2804 2807 2809 2816 2818 2819 2822 2823 2828 2829 2834 2848 2849 2850 2858 2861 2866 2869 2871 2872 2875 2884 2888 2891 2894 2897 2899 2912 2915 2918 2921 2925 2929 2949 2951 2952 2966 2967 2968 2972 2975 2982 2985 2992 2993 2996 2997 3001 3005 3014 3027 3030 3034 3043 3048 3052 3064 3068 3069 3070 3071 3072 3073 3077 3081 3093 3101 3109 3116 3124 3138 3141 3144 3153 3159 3161 3173 3178 3184 3191 3192 3227 3240 3262 3263 3264 3266 3275 3281 3283 3294 3295 3297 3306 3312 3318 3324 3325 3333 3336 3352 3353 3402 3410 3411 3423 3430 3434 3440 3444 3449 3450 3451 3455 3463 3478 3488 3495 3496 3497 3498 3499 3504 3506 3507 3516 3518 3522 3523 3532 3533 3535 3553 3564 3566 3567 3568 3569 3574 3575 3577 3578 3580 3594 3603 3610 3615 3617 3618 3624 3632 3645 3649 3651 3652 3655 3662 3666 3678 3686 3700 3706 3711 3714 3715 3716 3724 3729 3730 3732 3734 3735 3741 3742 3750 3759 3776 3778 3783 3787 3788 3789 3790 3795 3799 3804 3805 3825 3837 3839 3880 3881 3883 3886 3891 3917 4004 4012 4019 4020 4043 4049 4089 4152 4295 4362 4398 4480 4496 4508 4517 4567 4575 4578 4598 4602 4686 4737 4750 4754 4820 4849 4850 4862 4864 4868 4900 4902 4915 4923 4940 4953 4964 5017 5018 5028 5030 5037 5072 5083 5093 5100 5102 5123 5137 5145 5166 5170 5179 5184 5188 5206 5362 5411
citra-emu/citra 7 766
citra-emu/citra 8 1549 1573 1951 1986 1995 2086 2088 2170 2194 2257 2439 2442 2454 3035 3154 3366 3590 3929 4059 4157 4324 4583 4710
citra-emu/citra 13 1383 1644
citra-emu/citra 19 281
citra-emu/citra 25 3634
citra-emu/citra 26 27 5436 5437
citra-emu/citra 30 31 643 646
citra-emu/citra 33 1780
citra-emu/citra 34 1433 1692 1696 1755 1756 1765 1894 1917
citra-emu/citra 37 3361
citra-emu/citra 53 54 2269
citra-emu/citra 74 79
citra-emu/citra 90 2106 2132 2639 2773 3340 3460 3786 4137 4140 4282 4437 4532 4535 4538
citra-emu/citra 99 100
citra-emu/citra 119 120 5088
citra-emu/citra 121 129
citra-emu/citra 126 5110
citra-emu/citra 135 160
citra-emu/citra 140 629
citra-emu/citra 143 144 3007
citra-emu/citra 151 5381
citra-emu/citra 156 1118
citra-emu/citra 157 3091 3096 3106 3119 3226
citra-emu/citra 166 182
citra-emu/citra 180 328
citra-emu/citra 198 259
citra-emu/citra 213 732 1087
citra-emu/citra 219 230 231 526
citra-emu/citra 226 3926 5420
citra-emu/citra 232 369
citra-emu/citra 241 1667
citra-emu/citra 255 425 439 443
citra-emu/citra 258 266
citra-emu/citra 267 274 599 616 617 3910 3916 4174
citra-emu/citra 271 279 283 3528 3540
citra-emu/citra 282 286
citra-emu/citra 284 358
citra-emu/citra 304 3456
citra-emu/citra 313 635 3474
citra-emu/citra 319 460
citra-emu/citra 327 377 3570 3576 3607 3611 4906 4956
citra-emu/citra 342 452
citra-emu/citra 345 481
citra-emu/citra 346 842 844
citra-emu/citra 353 354
citra-emu/citra 361 362
citra-emu/citra 366 367
citra-emu/citra 387 448
citra-emu/citra 402 406 428 429 474
citra-emu/citra 424 440
citra-emu/citra 500 539
citra-emu/citra 531 595 873 1005 1119 1778 1789 1873 1899 1900
citra-emu/citra 540 544
citra-emu/citra 543 561 562
citra-emu/citra 583 716
citra-emu/citra 594 597
citra-emu/citra 634 3505
citra-emu/citra 636 3513
citra-emu/citra 637 3335 3373
citra-emu/citra 671 1106
citra-emu/citra 695 1264 1367 1369
citra-emu/citra 725 740
citra-emu/citra 738 1071
citra-emu/citra 748 751
citra-emu/citra 773 822 985 1034 1933 2703 2743
citra-emu/citra 783 924
citra-emu/citra 835 3641 3702
citra-emu/citra 836 841 1019 1020 3665 3667
citra-emu/citra 838 3616
citra-emu/citra 860 3911
citra-emu/citra 861 3972
citra-emu/citra 863 3913
citra-emu/citra 864 3973
citra-emu/citra 893 990
citra-emu/citra 904 919
citra-emu/citra 909 912
citra-emu/citra 911 918
citra-emu/citra 914 2738
citra-emu/citra 920 942
citra-emu/citra 929 933
citra-emu/citra 935 4031
citra-emu/citra 940 1025 1075 1080
citra-emu/citra 963 1002
citra-emu/citra 1018 1031
citra-emu/citra 1048 1052
citra-emu/citra 1059 1092
citra-emu/citra 1084 1095 1116 1171 1255 1256 1290
citra-emu/citra 1102 1252 1389
citra-emu/citra 1108 1109 1117
citra-emu/citra 1141 3902
citra-emu/citra 1142 4013
citra-emu/citra 1192 1209
citra-emu/citra 1238 3272
citra-emu/citra 1253 1254
citra-emu/citra 1260 1284
citra-emu/citra 1266 1421 1577
citra-emu/citra 1299 1374 1386 1406
citra-emu/citra 1302 1505
citra-emu/citra 1327 4171
citra-emu/citra 1360 3979
citra-emu/citra 1368 1540 1550 1659 1753
citra-emu/citra 1388 4258
citra-emu/citra 1390 4333 4337
citra-emu/citra 1418 4194 4269
citra-emu/citra 1426 4253
citra-emu/citra 1447 1721
citra-emu/citra 1448 4296
citra-emu/citra 1450 1520 1567 4312
citra-emu/citra 1463 4308 4310 4313
citra-emu/citra 1465 1655 2671
citra-emu/citra 1468 1522
citra-emu/citra 1527 1724 4412
citra-emu/citra 1541 1589
citra-emu/citra 1554 1564 1618
citra-emu/citra 1561 1568 1653 1762 1810
citra-emu/citra 1620 1890
citra-emu/citra 1638 1639
citra-emu/citra 1647 1668 1689 1695 1761
citra-emu/citra 1708 1718
citra-emu/citra 1741 1874 2355 3157 4257
citra-emu/citra 1785 1922
citra-emu/citra 1837 1854 1868 1869
citra-emu/citra 1867 1987
citra-emu/citra 1893 1896 1898
citra-emu/citra 1947 2368 2369
citra-emu/citra 1952 2403
citra-emu/citra 2019 2024
citra-emu/citra 2032 2044 2069
citra-emu/citra 2036 2037 2039 2040
citra-emu/citra 2057 2078 2103 4586
citra-emu/citra 2059 4601
citra-emu/citra 2063 4406
citra-emu/citra 2121 2199
citra-emu/citra 2153 2195
citra-emu/citra 2154 4647
citra-emu/citra 2165 2464
citra-emu/citra 2185 4630
citra-emu/citra 2188 2192
citra-emu/citra 2240 2429 4651
citra-emu/citra 2266 2321 2347
citra-emu/citra 2290 2295
citra-emu/citra 2294 2689
citra-emu/citra 2334 2988 3552
citra-emu/citra 2343 2370 2372 2374 2376
citra-emu/citra 2351 2353
citra-emu/citra 2362 2363 2651
citra-emu/citra 2388 2394
citra-emu/citra 2402 2546 2555
citra-emu/citra 2408 4215
citra-emu/citra 2414 2451
citra-emu/citra 2471 2484 2485 2491 2539
citra-emu/citra 2476 2482
citra-emu/citra 2490 4702
citra-emu/citra 2511 2650
citra-emu/citra 2512 2612 2705
citra-emu/citra 2535 2536 2537
citra-emu/citra 2538 3344 3583
citra-emu/citra 2561 2927
citra-emu/citra 2569 2619
citra-emu/citra 2623 2626
citra-emu/citra 2633 2644
citra-emu/citra 2679 2690 2691 2692 2696
citra-emu/citra 2695 2709
citra-emu/citra 2708 2710
citra-emu/citra 2752 2753 2754 2755
citra-emu/citra 2758 2805
citra-emu/citra 2778 2779
citra-emu/citra 2797 4877 4884
citra-emu/citra 2830 4911
citra-emu/citra 2831 2920 2963 4914
citra-emu/citra 2840 2843 2946
citra-emu/citra 2865 2873
citra-emu/citra 2878 2879
citra-emu/citra 2885 4931 4944
citra-emu/citra 2928 3738
citra-emu/citra 2970 4270
citra-emu/citra 2983 3143
citra-emu/citra 3008 3118 3737
citra-emu/citra 3042 3080
citra-emu/citra 3060 4629
citra-emu/citra 3085 4993
citra-emu/citra 3097 4844
citra-emu/citra 3145 3171
citra-emu/citra 3166 3179
citra-emu/citra 3253 3367
citra-emu/citra 3284 3309
citra-emu/citra 3326 5039
citra-emu/citra 3334 3454
citra-emu/citra 3408 3421 3448
citra-emu/citra 3436 3473
citra-emu/citra 3462 3465
citra-emu/citra 3467 5047
citra-emu/citra 3475 5097
citra-emu/citra 3620 3674
citra-emu/citra 3663 3670 3708
citra-emu/citra 3677 3721 4377 4378 4379 4390 4393 4394 4407 4417 4466 4468 4477 4507 4516
citra-emu/citra 3744 3756
citra-emu/citra 3773 3933 3935
citra-emu/citra 3811 3827
citra-emu/citra 3834 3875 3981
citra-emu/citra 3838 3846
citra-emu/citra 3850 3937 3964
citra-emu/citra 3851 3898
citra-emu/citra 3873 5149
citra-emu/citra 3892 5094 5280
citra-emu/citra 3904 4040
citra-emu/citra 3967 4099
citra-emu/citra 3985 4093
citra-emu/citra 3991 3992
citra-emu/citra 4016 4197 4340
citra-emu/citra 4047 4050 4051 4052
citra-emu/citra 4064 4134 5322
citra-emu/citra 4069 4971
citra-emu/citra 4109 4110
citra-emu/citra 4176 4211
citra-emu/citra 4188 4249
citra-emu/citra 4241 4301
citra-emu/citra 4273 4274 4277 4278
citra-emu/citra 4279 4345 4635
citra-emu/citra 4336 4344
citra-emu/citra 4392 4408
citra-emu/citra 4399 4403
citra-emu/citra 4410 4411
citra-emu/citra 4474 4475
citra-emu/citra 4492 4658 4739
citra-emu/citra 4500 4907
citra-emu/citra 4537 4722
citra-emu/citra 4605 4749 4757
citra-emu/citra 4636 4882
citra-emu/citra 4680 4927
citra-emu/citra 4731 4755
citra-emu/citra 4828 4897
citra-emu/citra 4846 4878
citra-emu/citra 4859 4869
citra-emu/citra 4879 4894
citra-emu/citra 4890 4893 5200
citra-emu/citra 4908 5323 5332
citra-emu/citra 5053 5151
citra-emu/citra 5095 5124
citra-emu/citra 5104 5117
citra-emu/citra 5194 5207
citra-emu/citra 5227 5228 5257 5347
citra-emu/citra 5240 5256
citra-emu/citra 5266 5273 5402 5404
citra-emu/citra 5293 5335
citra-emu/citra 5300 5392
citra-emu/citra 5329 5345 5397
citra-emu/citra 5331 5377
