citusdata/citus 327 337
citusdata/citus 335 1302 1321
citusdata/citus 360 385 388 398
citusdata/citus 366 416 431
citusdata/citus 378 382 1453
citusdata/citus 407 411 449
citusdata/citus 420 1518 1530 1540 1542 1547
citusdata/citus 423 868 869
citusdata/citus 426 459
citusdata/citus 486 488 648 673
citusdata/citus 554 578
citusdata/citus 603 609
citusdata/citus 610 941 1816 1829 1841 1852 1853 1855 1860 1930 2008 2031 2044 2052 2119 2123 2128 2182 2210 2212 2215 2244 2273 2305 2376 2384 2411 2461 2481 2504 2514 2539 2571 2590 2597 2601 2617 2631 3157 3569 3608 3650 3668 3814 3833 3864 3871 3877 3878 3880 3881 3887 3889 3890 3891 3901 3917
citusdata/citus 611 1806 1876 1884 1893 1899 1900 1906 1976 1989 2016
citusdata/citus 618 627
citusdata/citus 630 707 732 736 737 738 757 764 1255 1264 1274 1452
citusdata/citus 637 643
citusdata/citus 653 678
citusdata/citus 658 663
citusdata/citus 665 2877 2882 2893 2907 2914 2917 2929 2930 2931 2932 2964 3196 3201
citusdata/citus 677 689
citusdata/citus 697 699 1769 2757
citusdata/citus 702 706
citusdata/citus 717 718
citusdata/citus 721 729
citusdata/citus 739 747
citusdata/citus 741 773
citusdata/citus 742 1915 1919 1920 1974 2103 2143
citusdata/citus 749 777 783 808
citusdata/citus 770 776 979
citusdata/citus 775 782 843 850 855 858 859 863 885 895 896 1017 1020 1117 1185 1195 1201 1206 1208 1229 1265 1278 1287 1377 1379 1389 1402 1436 1441 1454 1455 1457 1463 1465 1467 1468 1469 1470 1474 1483 1487 1506 1509 1517 1716
citusdata/citus 785 799 825 840 864 865 867 892 950
citusdata/citus 798 801
citusdata/citus 804 807
citusdata/citus 816 894 2203 2220 2224 2229 2435 2554 2568 2569 2573 2578 2580 2584 2644 2656 2657 2659 2660 2661 2662 2664 2666 2671 2672 2673 2676 2677 2678 2681 2682 2683 2685 2687 2688 2690 2692 2694 2695 2696 2697 2700 2701 2702 2706 2708 2713 2716 2719 2720 2721 2722 2724 2725 2728 2729 2730 2734 2735 2736 2738 2740 2741 2742 2745 2746 2747 2748 2752 2754 2756 2758 2762 2763 2764 2765 2766 2767 2768 2769 2770 2772 2774 2775 2779 2780 2781 2782 2783 2787 2788 2790 2791 2792 2793 2794 2795 2797 2798 2799 2800 2801 2802 2804 2805 2808 2809 2810 2812 2815 2816 2817 2838 2844 2845 2851 2855 2858 2859 2866 2867 2871 2879 2880 2884 2887 2897 3078 3113 3267 3268 3307 3324 3343 3371 3376
citusdata/citus 818 2197
citusdata/citus 819 837
citusdata/citus 820 2332
citusdata/citus 821 860
citusdata/citus 835 912
citusdata/citus 853 854
citusdata/citus 876 888 1213
citusdata/citus 880 1062 1069
citusdata/citus 897 899
citusdata/citus 901 3161 3239 3274 3336 3358
citusdata/citus 909 915
citusdata/citus 914 916 3017 3226 3326 3537 3703 3707 3709 3720 3724
citusdata/citus 921 2921 2957 2983 3092 3099 3120 3136
citusdata/citus 1012 1046
citusdata/citus 1018 1031 1074
citusdata/citus 1024 1085
citusdata/citus 1025 1035
citusdata/citus 1028 1042
citusdata/citus 1053 1057 1058 1063
citusdata/citus 1067 1068
citusdata/citus 1092 1095
citusdata/citus 1103 1105 1115 1122
citusdata/citus 1124 1137 1182
citusdata/citus 1133 1168
citusdata/citus 1134 1142 1146
citusdata/citus 1149 1169
citusdata/citus 1162 2446
citusdata/citus 1175 1207 1243 1261 1268 1282 1283 1289 1296 1297 1298 1387
citusdata/citus 1235 1476 1503 1507 1522 1549
citusdata/citus 1300 1318
citusdata/citus 1314 2235
citusdata/citus 1323 1357
citusdata/citus 1331 1353 1355 1385
citusdata/citus 1342 1356 1372
citusdata/citus 1343 1349 1382
citusdata/citus 1354 1376
citusdata/citus 1378 1475
citusdata/citus 1403 1406
citusdata/citus 1407 1413
citusdata/citus 1425 1427
citusdata/citus 1447 1461 1489 1495 1514 1515 1516
citusdata/citus 1477 3536
citusdata/citus 1491 1492
citusdata/citus 1529 1959 1961 1972 2002 2011 2071 2111 2115 2117 2166 2170 2173 2541
citusdata/citus 1532 1628
citusdata/citus 1543 1546
citusdata/citus 1560 1584 1592
citusdata/citus 1574 1682 1696
citusdata/citus 1580 1632 1661 1667
citusdata/citus 1621 1622
citusdata/citus 1652 2279 2280
citusdata/citus 1691 1700 1703 1710
citusdata/citus 1695 1698 1711 1726 1736 1742 1744
citusdata/citus 1701 1702 1704
citusdata/citus 1774 1775
citusdata/citus 1785 1903 1905 1923 2176
citusdata/citus 1824 1834
citusdata/citus 1830 1843
citusdata/citus 1833 1838
citusdata/citus 1835 2723
citusdata/citus 1839 1851 1894
citusdata/citus 1854 1888
citusdata/citus 1863 1948
citusdata/citus 1874 1879
citusdata/citus 1889 1946
citusdata/citus 1967 2022
citusdata/citus 1968 1982 1983 2157
citusdata/citus 2013 2073
citusdata/citus 2047 3098
citusdata/citus 2070 2090 2107
citusdata/citus 2080 2444
citusdata/citus 2104 2124 2137
citusdata/citus 2109 2323
citusdata/citus 2118 2457
citusdata/citus 2151 2301 2318
citusdata/citus 2185 2189 2194 2198 2199
citusdata/citus 2190 2191 2243
citusdata/citus 2196 2201 2202
citusdata/citus 2200 2205
citusdata/citus 2204 2227 2237 2240 2253
citusdata/citus 2206 2226
citusdata/citus 2211 2245
citusdata/citus 2263 2268
citusdata/citus 2311 2315
citusdata/citus 2345 2370
citusdata/citus 2360 2363
citusdata/citus 2381 2452
citusdata/citus 2389 3333
citusdata/citus 2413 2424 2450 2466
citusdata/citus 2421 2462
citusdata/citus 2422 2458
citusdata/citus 2464 2512 2606 2829 2830 2927 2928 2935 2936 2937 2938 2951 2952 2960 2961 2963 2965 2979 2980 2996 2998 3029 3164 3332 3337 3338 3347 3348 3349 3350 3353 3355 3359 3363 3368 3369 3370 3383 3388 3410 3413 3414 3440 3453 3454 3498 3549 3553 3562 3609
citusdata/citus 2487 2491
citusdata/citus 2496 2553
citusdata/citus 2516 2611 2618 2619 2632
citusdata/citus 2535 2602
citusdata/citus 2623 3361 3497
citusdata/citus 2652 2691
citusdata/citus 2684 2689 2786
citusdata/citus 2710 2712 2726 2727
citusdata/citus 2821 2822
citusdata/citus 2836 2840
citusdata/citus 2864 3081
citusdata/citus 2865 2868
citusdata/citus 2881 2906
citusdata/citus 2891 2896
citusdata/citus 2899 2900
citusdata/citus 2918 3104 3109 3110 3111 3135
citusdata/citus 2973 3003 3051
citusdata/citus 2975 2978
citusdata/citus 2986 2991 2992 2993 2994 2995 3000 3014 3020 3026 3041 3058
citusdata/citus 2990 3006
citusdata/citus 3005 3008 3009
citusdata/citus 3046 3351
citusdata/citus 3062 3706
citusdata/citus 3063 3067 3069 3070
citusdata/citus 3073 3076
citusdata/citus 3115 3829
citusdata/citus 3117 3122 3124 3132
citusdata/citus 3127 3128
citusdata/citus 3139 3152 3155 3170
citusdata/citus 3168 3488
citusdata/citus 3169 3461
citusdata/citus 3171 3389
citusdata/citus 3177 3184
citusdata/citus 3181 3186
citusdata/citus 3183 3564 3595
citusdata/citus 3185 3197 3208
citusdata/citus 3193 3811 3812
citusdata/citus 3211 3237
citusdata/citus 3215 3241
citusdata/citus 3220 3257 3321
citusdata/citus 3244 3258
citusdata/citus 3280 3317
citusdata/citus 3298 3692 3773 3823
citusdata/citus 3302 3311
citusdata/citus 3374 3407 3438 3504 3507 3522
citusdata/citus 3382 3386 3399 3400 3403 3415
citusdata/citus 3404 3411
citusdata/citus 3419 3425 3427 3429
citusdata/citus 3456 3458
citusdata/citus 3479 3487 3489 3568 3586 3587 3592 3599
citusdata/citus 3480 3490
citusdata/citus 3486 3543
citusdata/citus 3514 3603
citusdata/citus 3523 3788
citusdata/citus 3544 3545
citusdata/citus 3557 3635
citusdata/citus 3559 3618 3619 3634 3893 3911 3912 3914
citusdata/citus 3578 3597
citusdata/citus 3591 3594 3607 3637 3664 3729 3736 3742 3764 3852 3875 3896
citusdata/citus 3598 3611
citusdata/citus 3621 3653 3654 3670 3677 3688 3768 3769 3771 3779 3820 3834 3843 3863 3866 3882 3886 3924 3952
citusdata/citus 3626 3632
citusdata/citus 3636 3649
citusdata/citus 3638 3639
citusdata/citus 3645 3701
citusdata/citus 3662 3832
citusdata/citus 3673 3700 3927 3949 3958
citusdata/citus 3674 3675
citusdata/citus 3679 3686
citusdata/citus 3681 3702 3730
citusdata/citus 3690 3746
citusdata/citus 3696 3747
citusdata/citus 3697 3710 3711 3714 3715 3733 3737 3738
citusdata/citus 3731 3760
citusdata/citus 3758 3765 3775
citusdata/citus 3770 3772
citusdata/citus 3777 3791
citusdata/citus 3799 3807
citusdata/citus 3841 3849 3923
citusdata/citus 3850 3944 3946
citusdata/citus 3868 3869
citusdata/citus 3900 3977
citusdata/citus 3904 3906
citusdata/citus 3941 3950
citusdata/citus 3994 3995
citusdata/citus 4001 4006
citusdata/citus 4003 4005 4015
citusdata/citus 4021 4022
