open62541/open62541 409 411
open62541/open62541 430 448 1514 1515
open62541/open62541 436 439
open62541/open62541 504 529
open62541/open62541 551 553
open62541/open62541 575 603 1821 1954
open62541/open62541 587 588 608
open62541/open62541 591 592
open62541/open62541 638 2048 2271 2408 2856 2872 3358 3409 3488 3623
open62541/open62541 648 651
open62541/open62541 653 654
open62541/open62541 677 687
open62541/open62541 681 698
open62541/open62541 682 685
open62541/open62541 695 696 697
open62541/open62541 703 707 708
open62541/open62541 720 721 725 727 729 739 822 831 832 837 841 900 975 1168 1179 1194 1199 1202 1215 1238
open62541/open62541 730 732 749 753 761 932
open62541/open62541 798 807
open62541/open62541 812 815 1169
open62541/open62541 855 953 1313
open62541/open62541 857 882 1565 1568 1602 1603 1608 1618 1785
open62541/open62541 872 873
open62541/open62541 969 977 1932
open62541/open62541 1003 1147 1151 1187 1223
open62541/open62541 1008 1019 1020
open62541/open62541 1037 1039
open62541/open62541 1052 1054
open62541/open62541 1117 1370 1385 1386 1392 1395 1397 1410 1466 1497 1500 1504 1508 1509 1512 1531 1579 1589 1598 1629 1632
open62541/open62541 1141 1260
open62541/open62541 1160 1546 1549
open62541/open62541 1167 1184 1596
open62541/open62541 1185 1186 1197
open62541/open62541 1192 1522 1523 1560 1614
open62541/open62541 1193 1195
open62541/open62541 1225 1487
open62541/open62541 1248 1280 1282 1293 1336 1375 1401 1416 1536
open62541/open62541 1275 1673
open62541/open62541 1299 1306
open62541/open62541 1311 1312 1327 1328
open62541/open62541 1339 1555 1556
open62541/open62541 1380 1382
open62541/open62541 1387 1389
open62541/open62541 1403 1407
open62541/open62541 1421 1424
open62541/open62541 1446 1468
open62541/open62541 1447 1451
open62541/open62541 1449 1471
open62541/open62541 1506 1517
open62541/open62541 1530 1538 1552 1732 2558 2559 2560 2566
open62541/open62541 1532 1561
open62541/open62541 1570 1576 1577
open62541/open62541 1587 1613 1634 1636
open62541/open62541 1593 1594
open62541/open62541 1609 1637 1718
open62541/open62541 1624 1739 1740 1793 1849 1852 1915 1994 2282
open62541/open62541 1652 1669 1677
open62541/open62541 1657 1668 1686 1688 1691 1692 1693 1696 1797
open62541/open62541 1699 1701
open62541/open62541 1705 1714
open62541/open62541 1719 1727
open62541/open62541 1726 1746
open62541/open62541 1728 1885 1975 2000 2006
open62541/open62541 1774 1778
open62541/open62541 1810 1889 1905 1978 2519 2853
open62541/open62541 1846 1917 1919
open62541/open62541 1862 1893
open62541/open62541 1875 1876
open62541/open62541 1940 1956
open62541/open62541 1949 2013 2015 2018 2024 2070
open62541/open62541 2021 2025
open62541/open62541 2026 2042 2059
open62541/open62541 2045 3143
open62541/open62541 2079 2084
open62541/open62541 2124 2130
open62541/open62541 2125 2175
open62541/open62541 2128 2129
open62541/open62541 2141 2169
open62541/open62541 2147 2173
open62541/open62541 2158 2833 2841 2851 2852
open62541/open62541 2179 2263 2268 2292 2296 2301 2302 2303 2307 2367 2980 2985 2987
open62541/open62541 2181 2184
open62541/open62541 2182 2191
open62541/open62541 2187 2188
open62541/open62541 2196 2232
open62541/open62541 2202 2206
open62541/open62541 2211 2344
open62541/open62541 2230 2231
open62541/open62541 2237 2239
open62541/open62541 2238 2267 2821 3230
open62541/open62541 2240 2243
open62541/open62541 2260 2262
open62541/open62541 2265 2266
open62541/open62541 2310 2321
open62541/open62541 2320 2357
open62541/open62541 2333 2399
open62541/open62541 2362 2370 2371
open62541/open62541 2366 2435
open62541/open62541 2390 2812
open62541/open62541 2400 2411
open62541/open62541 2425 2447 2448 2451 2480
open62541/open62541 2441 2443
open62541/open62541 2482 2483
open62541/open62541 2502 2506
open62541/open62541 2511 2628 2993 3018 3022 3023 3043 3086 3205 3212 3241
open62541/open62541 2552 2767
open62541/open62541 2606 2607
open62541/open62541 2630 2639
open62541/open62541 2649 2657
open62541/open62541 2687 2689
open62541/open62541 2690 2691
open62541/open62541 2703 2705
open62541/open62541 2717 2718
open62541/open62541 2743 2764
open62541/open62541 2748 2931 2937 3220
open62541/open62541 2756 3046 3423
open62541/open62541 2796 2870
open62541/open62541 2901 2902 2903
open62541/open62541 2910 2911
open62541/open62541 2944 2945
open62541/open62541 2955 3135 3142 3151
open62541/open62541 2971 3456
open62541/open62541 2983 3158 3260 3316
open62541/open62541 2990 2999
open62541/open62541 3060 3062
open62541/open62541 3077 3080 3085 3087 3092
open62541/open62541 3119 3120
open62541/open62541 3169 3174
open62541/open62541 3209 3216
open62541/open62541 3253 3254
open62541/open62541 3314 3315
open62541/open62541 3341 3399
open62541/open62541 3363 3517
open62541/open62541 3390 3420
open62541/open62541 3415 3540
open62541/open62541 3469 3475
open62541/open62541 3489 3491
open62541/open62541 3497 3498 3501
open62541/open62541 3523 3561 3584 3739 3772
open62541/open62541 3549 3579 3592
open62541/open62541 3567 3570
open62541/open62541 3568 3569
open62541/open62541 3587 3588
open62541/open62541 3621 3637 3644
open62541/open62541 3630 3638
open62541/open62541 3649 3652
open62541/open62541 3669 3676 3677
open62541/open62541 3675 3681 3704
open62541/open62541 3690 3725
