CGAL/cgal 1 3 4 5 6 7 8 9 10 11 12 13 150 186 1323 1324 1436 1527 1533 1534 1565 1630 1633 1647 1664 1720 1731 1744 1791 1852 1884 1888 1890 2102 2138 2139 2172 2185 2212 2249 2274 2330 2370 2425 2592 2659 2691 2799 2864 2951 3245 3251 3345 3406 3410 3468 3477 3511 3614 3627 3635 3660 3666 3878 3880 3885 3917 3939 3941 3974 4012 4013 4040 4065 4084 4096 4132 4140 4153 4160 4228 4230 4232 4259 4260 4261 4262 4279 4306 4330 4356 4362 4364 4418 4486 4495 4496 4519 4540 4552 4565 4568 4619 4620 4624 4636 4659 4714 4803 4809
CGAL/cgal 15 2808 4281
CGAL/cgal 18 3877
CGAL/cgal 19 1762
CGAL/cgal 20 2160
CGAL/cgal 25 3126 3177
CGAL/cgal 27 2074
CGAL/cgal 58 440
CGAL/cgal 61 65
CGAL/cgal 67 1136
CGAL/cgal 73 90 3349
CGAL/cgal 78 85 86
CGAL/cgal 81 82 88
CGAL/cgal 84 164
CGAL/cgal 101 1795 1891 1917 1921 1941 1953 1954 1961 1969 1970 1971 1983 1989 1993 2005 2006 2015 2018 2023 2057 2068 2101 2166 2174 2201 2203 2204 2213 2233 2242 2244 2254 2255 2257 2265 2268 2278 2438 2545 2557 2649 2661 2674
CGAL/cgal 116 2792 3369 3784
CGAL/cgal 127 133 147 154 168 171 227 4358 4475
CGAL/cgal 131 132
CGAL/cgal 141 143 217
CGAL/cgal 142 2258
CGAL/cgal 145 2306
CGAL/cgal 148 149 167 185
CGAL/cgal 160 161 3339
CGAL/cgal 170 383
CGAL/cgal 179 191
CGAL/cgal 224 339 364
CGAL/cgal 255 281 318 367
CGAL/cgal 282 289
CGAL/cgal 297 320
CGAL/cgal 327 410 455 498 513 554
CGAL/cgal 336 337
CGAL/cgal 358 362
CGAL/cgal 387 390
CGAL/cgal 405 586
CGAL/cgal 407 408
CGAL/cgal 413 483 1075 1109
CGAL/cgal 420 2598 2614 2682
CGAL/cgal 430 458
CGAL/cgal 434 520
CGAL/cgal 442 900 4455 4505
CGAL/cgal 451 1566
CGAL/cgal 456 3062 3092 3111 3164
CGAL/cgal 457 875 1013 1050 1063
CGAL/cgal 459 464 491
CGAL/cgal 493 629 894 1010 1035
CGAL/cgal 534 865 878
CGAL/cgal 542 598 600 620
CGAL/cgal 549 590 597 601 1911 2072 2097
CGAL/cgal 561 2873
CGAL/cgal 585 1656 2046 2247
CGAL/cgal 605 627
CGAL/cgal 606 613 666
CGAL/cgal 633 664
CGAL/cgal 642 648 1548
CGAL/cgal 652 668 676
CGAL/cgal 658 677 691
CGAL/cgal 672 948 959 972 974
CGAL/cgal 728 949
CGAL/cgal 788 898
CGAL/cgal 803 853
CGAL/cgal 804 924
CGAL/cgal 843 975
CGAL/cgal 854 863
CGAL/cgal 871 957
CGAL/cgal 883 990
CGAL/cgal 914 1062
CGAL/cgal 960 2658 2712 2739 2774 2829 2950 3043 3073 3096 3128 3170 3413 3463 3514 4046 4130 4553
CGAL/cgal 962 977
CGAL/cgal 971 1071 1095
CGAL/cgal 987 988
CGAL/cgal 989 996
CGAL/cgal 999 1043
CGAL/cgal 1011 1021
CGAL/cgal 1025 1069
CGAL/cgal 1036 2690 2694 2695 2697 2747 2759 2789 2878
CGAL/cgal 1041 1066
CGAL/cgal 1072 1099 1117
CGAL/cgal 1074 1083
CGAL/cgal 1081 1085
CGAL/cgal 1086 1091 1100
CGAL/cgal 1097 1110 1115 1514 1524 1752 1960
CGAL/cgal 1098 1103
CGAL/cgal 1120 1122
CGAL/cgal 1154 1186
CGAL/cgal 1198 1235
CGAL/cgal 1257 1268 1551 1604 1609 1618 1627
CGAL/cgal 1265 1266
CGAL/cgal 1267 2853
CGAL/cgal 1292 1293
CGAL/cgal 1295 1357
CGAL/cgal 1338 1343
CGAL/cgal 1340 1350 1356 1428
CGAL/cgal 1446 1729
CGAL/cgal 1449 4614
CGAL/cgal 1459 1460
CGAL/cgal 1468 1477
CGAL/cgal 1513 3036
CGAL/cgal 1517 1875
CGAL/cgal 1530 1616
CGAL/cgal 1540 2369 2679
CGAL/cgal 1550 1563
CGAL/cgal 1571 1572 1573
CGAL/cgal 1577 1583
CGAL/cgal 1578 1631 1827
CGAL/cgal 1612 1648
CGAL/cgal 1619 1691
CGAL/cgal 1670 1764
CGAL/cgal 1673 1709
CGAL/cgal 1692 1693
CGAL/cgal 1736 1750
CGAL/cgal 1737 1748 1804
CGAL/cgal 1756 1769
CGAL/cgal 1759 1760 1782
CGAL/cgal 1772 1773 1808 2954 3115 3142
CGAL/cgal 1796 1879
CGAL/cgal 1824 1826
CGAL/cgal 1841 2342
CGAL/cgal 1855 1887
CGAL/cgal 1933 2354
CGAL/cgal 1952 1964
CGAL/cgal 2025 2029
CGAL/cgal 2061 2191 2234
CGAL/cgal 2070 2186
CGAL/cgal 2109 2897 3412 3969
CGAL/cgal 2122 2735
CGAL/cgal 2136 2219 2508
CGAL/cgal 2147 2202
CGAL/cgal 2157 2184
CGAL/cgal 2159 2226 2227
CGAL/cgal 2193 2345
CGAL/cgal 2198 2218
CGAL/cgal 2235 2532
CGAL/cgal 2275 2326
CGAL/cgal 2289 2290
CGAL/cgal 2301 2304 2311 2358 2568 2590 2666 2709 3814
CGAL/cgal 2312 2329
CGAL/cgal 2315 2482
CGAL/cgal 2336 4422
CGAL/cgal 2350 2450
CGAL/cgal 2373 2446
CGAL/cgal 2388 2412
CGAL/cgal 2447 2492
CGAL/cgal 2469 2497
CGAL/cgal 2471 2700 3922
CGAL/cgal 2484 2486
CGAL/cgal 2514 2519
CGAL/cgal 2547 3759
CGAL/cgal 2564 2565
CGAL/cgal 2571 2576
CGAL/cgal 2572 2591
CGAL/cgal 2583 2680
CGAL/cgal 2595 2605 2606 2707
CGAL/cgal 2603 2630 2636
CGAL/cgal 2607 2904
CGAL/cgal 2612 2613
CGAL/cgal 2617 2671
CGAL/cgal 2626 2634 2711
CGAL/cgal 2657 2874
CGAL/cgal 2723 2784 2860 2935
CGAL/cgal 2732 2736
CGAL/cgal 2737 2741 3069 3102
CGAL/cgal 2757 2851
CGAL/cgal 2760 2763
CGAL/cgal 2782 2929
CGAL/cgal 2804 3169 3225 3343 3355 3424 3625 3636 3703 3738 3781 3810 3842 3849 3909
CGAL/cgal 2835 2967 3097 3383
CGAL/cgal 2846 2927
CGAL/cgal 2885 2906
CGAL/cgal 2890 2903
CGAL/cgal 2892 2896
CGAL/cgal 2918 2931
CGAL/cgal 2938 3890 3891
CGAL/cgal 2944 2958
CGAL/cgal 2946 2953
CGAL/cgal 2955 2957
CGAL/cgal 2960 2966
CGAL/cgal 3013 3014
CGAL/cgal 3021 3121
CGAL/cgal 3046 3057 3315
CGAL/cgal 3053 3091
CGAL/cgal 3061 3071
CGAL/cgal 3068 3093
CGAL/cgal 3070 3095
CGAL/cgal 3075 3090
CGAL/cgal 3098 3232
CGAL/cgal 3113 3124 3127 3133
CGAL/cgal 3116 3226
CGAL/cgal 3122 3143
CGAL/cgal 3136 3141
CGAL/cgal 3144 3165
CGAL/cgal 3150 3157
CGAL/cgal 3172 3374
CGAL/cgal 3187 3198
CGAL/cgal 3201 3258 3262
CGAL/cgal 3219 3296
CGAL/cgal 3229 3425
CGAL/cgal 3242 3341
CGAL/cgal 3256 4396
CGAL/cgal 3295 3325
CGAL/cgal 3297 3834
CGAL/cgal 3318 3323 3439 3452
CGAL/cgal 3357 3359
CGAL/cgal 3367 3555
CGAL/cgal 3377 4755
CGAL/cgal 3436 3496 3580 3682 3694
CGAL/cgal 3482 3501
CGAL/cgal 3487 3846 4514
CGAL/cgal 3499 3500
CGAL/cgal 3509 3510
CGAL/cgal 3516 3576
CGAL/cgal 3517 3530
CGAL/cgal 3524 3527
CGAL/cgal 3535 3537
CGAL/cgal 3539 4014
CGAL/cgal 3588 3624
CGAL/cgal 3594 3600
CGAL/cgal 3634 3674
CGAL/cgal 3686 3797 3804
CGAL/cgal 3719 3724
CGAL/cgal 3739 3952
CGAL/cgal 3743 3744
CGAL/cgal 3746 3761
CGAL/cgal 3824 3896
CGAL/cgal 3826 3848
CGAL/cgal 3831 3833 3844
CGAL/cgal 3850 4397 4661
CGAL/cgal 3857 3911 3948
CGAL/cgal 3858 3916
CGAL/cgal 3860 3903
CGAL/cgal 3862 3884
CGAL/cgal 3864 3994 4563 4574
CGAL/cgal 3869 4047
CGAL/cgal 3893 4524
CGAL/cgal 3895 3938 3940 3975 3978 3979 3999 4041 4244 4308 4675
CGAL/cgal 3900 4156
CGAL/cgal 3910 3918
CGAL/cgal 3961 4048
CGAL/cgal 3977 4288
CGAL/cgal 3984 4108 4167
CGAL/cgal 3987 4056
CGAL/cgal 4016 4024 4042 4045 4224 4381 4383 4473
CGAL/cgal 4017 4201 4209
CGAL/cgal 4053 4054
CGAL/cgal 4064 4073
CGAL/cgal 4074 4631
CGAL/cgal 4083 4118 4119
CGAL/cgal 4094 4152 4227
CGAL/cgal 4103 4278 4284
CGAL/cgal 4104 4597
CGAL/cgal 4105 4106
CGAL/cgal 4111 4128
CGAL/cgal 4137 4139
CGAL/cgal 4138 4141
CGAL/cgal 4174 4175 4176
CGAL/cgal 4187 4294
CGAL/cgal 4203 4204
CGAL/cgal 4208 4211
CGAL/cgal 4212 4255 4501 4558 4674 4727
CGAL/cgal 4219 4639
CGAL/cgal 4222 4252
CGAL/cgal 4254 4402
CGAL/cgal 4269 4270
CGAL/cgal 4271 4304
CGAL/cgal 4282 4283
CGAL/cgal 4285 4657 4697
CGAL/cgal 4293 4310
CGAL/cgal 4303 4309
CGAL/cgal 4363 4438
CGAL/cgal 4389 4392 4463
CGAL/cgal 4390 4685 4693
CGAL/cgal 4432 4646
CGAL/cgal 4440 4465
CGAL/cgal 4446 4450
CGAL/cgal 4468 4786
CGAL/cgal 4471 4712 4729 4790
CGAL/cgal 4483 4749
CGAL/cgal 4530 4616
CGAL/cgal 4555 4557
CGAL/cgal 4579 4778
CGAL/cgal 4602 4671 4672 4673
CGAL/cgal 4640 4752 4779
CGAL/cgal 4642 4644
CGAL/cgal 4663 4667
CGAL/cgal 4683 4700
CGAL/cgal 4690 4726
CGAL/cgal 4754 4762
CGAL/cgal 4774 4775
CGAL/cgal 4806 4807
