dmlc/mxnet 1 2 3 4 5 6 8 12 16 17 18 22 27 31 34 35 38 39 49 53 70 76 79 89 90 91 92 100 109 117 132 133 137 138 142 161 165 191 195 247 261 263 268 271 278 294 300 301 302 303 304 308 310 313 315 316 317 318 322 353 356 357 358 366 374 422 444 445 450 667 668 672 685 746 750 1041 1180 1230 1251 1259 1450 1781 1820 1857 2046 2072 2337 2366 2585 2659 2711 2812 3085 3159 3161 3181 3186 3194 3197 3202 3208 3211 3214 3217 3227 3238 3241 3242 3245 3246 3249 3255 3258 3259 3260 3261 3264 3267 3270 3271 3274 3276 3277 3278 3280 3282 3289 3290 3291 3292 3293 3294 3301 3302 3303 3308 3309 3314 3317 3326 3334 3335 3337 3339 3340 3341 3346 3361 3366 3369 3375 3376 3385 3573 3843 3862 4498 4530 4618 4644 4819 4975 5539 5831 5870 6494 6625 6773 6832 6870 6928 7023 7059 7067 7093 7264 7282 7403 7605 7828 7868 7875 7892 7910 7914 7929 7992 8007 8010 8034 8088 8121 8149 8246 8275 8302 8340 8395 8558 8721 8725 8733 8738 8754 8915 8972 9283 9321 9324 9329 9349 9579 9609 9650 9657 9661 9681 9892 9918 9963 10098 10115 10116 10120 10140 10156 10281 10302 10303 10306 10308 10352 10365 10391 10536 10578 10591 10628 10651 10696 10764 10796 10921 11027 11205 11212 11213 11237 11325 11327 11357 11370 11374 11401 11502 11512 11533 11534 11562 11591 11602 11641 11664 11670 11742 11761 11861 11916 11970 11990 12093 12118 12122 12124 12129 12155 12157 12167 12172 12173 12189 12195 12199 12276 12296 12323 12336 12381 12443 12445 12448 12489 12554 12631 12749 12753 12791 12918 12929 13038 13039 13094 13095 13118 13124 13159 13162 13164 13183 13201 13237 13255 13257 13269 13277 13295 13306 13307 13309 13347 13400 13695 13716 13896 13899 14028 14097 14113 14121 14128 14153 14173 14193 14209 14217 14270 14275 14276 14277 14278 14325 14326 14377 14476 14504 14510 14525 14526 14570 14683 14702 14713 14769 14809 14811 14829 14857 14871 14877 14952 14984 14990 15015 15016 15056 15118 15144 15169 15264 15452 15489 15490 15517 15545 15581 15621 15741 15755 15760 15762 15770 15808 15847 15882 15886 15897 15904 15921 15922 15939 15969 15990 16023 16027 16040 16079 16127 16212 16225 16251 16354 16487 16532 16605 16637 16712 16735 16866 16870 16899 16968 16985 16999 17000 17034 17047 17177 17194 17206 17241 17270 17283 17286 17330 17345 17346 17365 17367 17371 17377 17403 17426 17428 17432 17448 17458 17460 17464 17468 17473 17474 17486 17516 17534 17536 17547 17550 17551 17564 17569 17585 17623 17632 17645 17646 17672 17681 17702 17711 17721 17762 17767 17776 17784 17788 17808 17827 17841 17872 17885 17912 17916 17919 17937 17947 17962 17967 17972 17977 17984 17995 17996 18018 18025 18033 18038 18041 18044 18054 18055 18056 18062 18063 18069 18070 18080 18083 18095 18097 18113 18126 18127 18128 18145 18147 18151 18159 18167 18169 18174 18177 18178 18186 18199 18200 18203 18204 18205 18207 18218 18220 18228 18230 18232 18236 18237 18238 18250 18251 18261 18268 18269 18275 18283 18307 18309 18310 18311 18312 18316 18317 18318 18332 18337 18339 18348 18350 18351 18352 18355 18375 18378 18393 18405 18408 18437 18445 18452 18456 18464 18465 18483 18490 18523 18525 18526 18535 18542 18560 18568 18573 18583 18585 18586 18597 18608 18622 18632 18648 18649 18653
dmlc/mxnet 7 7442
dmlc/mxnet 9 141 305 790 1094 1490 1492 1673 1682 2325 2329 2417 2450 2491 2492 2511 2520 2529 2824 11514 11537 12400 13283 14346 14350 14351 14405 14442 14462 14494 14547 14587 14628 14629 14685 14849 14885 15008 15009 15353
dmlc/mxnet 10 1100 1184
dmlc/mxnet 11 4135 5043 5075 5116 5126 5137 5207
dmlc/mxnet 13 1408 2341 5090 8334 8527
dmlc/mxnet 15 4690
dmlc/mxnet 19 5345 16537
dmlc/mxnet 23 24 13922
dmlc/mxnet 26 7570 7579
dmlc/mxnet 28 32 33 175 610 9688 11326 14973 17376 17656
dmlc/mxnet 30 8030
dmlc/mxnet 36 8931
dmlc/mxnet 42 717 7470 7476 7663 7747 8118
dmlc/mxnet 43 4233 4373 4519
dmlc/mxnet 44 10013
dmlc/mxnet 45 46 6921 6966 6967 7014 7022 7043 7045 10118 10144 10216 10283 15751 15775 15792 17265
dmlc/mxnet 48 1842
dmlc/mxnet 55 5676 5772
dmlc/mxnet 58 2559 2564 5818
dmlc/mxnet 59 3485
dmlc/mxnet 60 99 101 108 113 122 1928 5800 6456 6765 6811 6828 6902 6937 6955 7015 7081 7082 7098 7172 7179 7223 8116 8207 8345 12664
dmlc/mxnet 69 105 140 360 9958 10852 12382 12477 13412
dmlc/mxnet 77 1868 12810
dmlc/mxnet 81 741 15947 16078
dmlc/mxnet 85 10823
dmlc/mxnet 87 93 1854 1965 12398 12633 12646 12653 12812 12852 12878 12920 13099 13116 13356 13390 13426 13553 13567 13738
dmlc/mxnet 102 2069
dmlc/mxnet 104 6435 8582 8603 8639
dmlc/mxnet 114 15107
dmlc/mxnet 116 307 327 6830 8437 9934
dmlc/mxnet 125 2279 2280 2300
dmlc/mxnet 127 12790
dmlc/mxnet 135 2407 9860 10525
dmlc/mxnet 136 159 5519 5615 10546 10660 10787 10991 11021 11041 11179 11306 11319
dmlc/mxnet 139 7251
dmlc/mxnet 143 17815
dmlc/mxnet 144 7967 7977
dmlc/mxnet 146 4544
dmlc/mxnet 147 15124 15559
dmlc/mxnet 149 9961 9982
dmlc/mxnet 155 13735
dmlc/mxnet 158 160 181 193 7226 8845 9658 11546 15448
dmlc/mxnet 173 13966 14367
dmlc/mxnet 174 1227 1244 15449 15551 15591 15812
dmlc/mxnet 176 18513
dmlc/mxnet 178 179 7667 8152 8212 8277
dmlc/mxnet 197 215 274 7698 7815 11650 11908 16854
dmlc/mxnet 200 15858
dmlc/mxnet 224 5629
dmlc/mxnet 225 13346 14218
dmlc/mxnet 228 229 264 9977 10104 10289 10311 10458 10844 10954 11399 11482 11807 12342 14192 14665 15262
dmlc/mxnet 232 233 10451 10817 11059 11117 11124 11267 11293 11298 11310 11311 11312 11313 11318 11320 11531 11566 11675 11760 11942 12078 12106 13143 14661 14717 14745 14869 14998 15063 15073 15663 15763 15905 15907 15942 16621 16902 16919
dmlc/mxnet 257 5247 6680 6681 8104
dmlc/mxnet 259 280 11948
dmlc/mxnet 275 7109 7198 7838 7856
dmlc/mxnet 285 12177
dmlc/mxnet 289 2887 7152 8013
dmlc/mxnet 312 506 12085 12358 12446 12798 14006 14176 14223 14338 14382 15154
dmlc/mxnet 323 15104 15139
dmlc/mxnet 333 5141
dmlc/mxnet 334 8803
dmlc/mxnet 345 11573 12026 12287 12440 13059
dmlc/mxnet 346 367 418 1772 7741 7854 8175 8192 8228 8398 8727 8995 9677 9940 10021 10149 10161 10184 10209 10392 10564 10670 10820 10911 11047 11049 11053 11054 11055 11065 11094 11148 11174 11194 11201 11220 11245 11270 11827 12265 12308 12331 12370 12388 12502 12530 12618 12663 12693 12698 12780 12808 12953 13181 13260 13268 13297 13321 13338 13409 13487 13574 13576 13657 13686 13690 13691 13697 13729 13755 13903 13904 13905 14060 14150
dmlc/mxnet 368 13362 13749 13857
dmlc/mxnet 425 475 13229 13811
dmlc/mxnet 428 12845
dmlc/mxnet 438 12942
dmlc/mxnet 442 11335
dmlc/mxnet 456 468 504 13209 13447 13606
dmlc/mxnet 460 466
dmlc/mxnet 485 13732
dmlc/mxnet 486 13318
dmlc/mxnet 502 519
dmlc/mxnet 518 527
dmlc/mxnet 541 17007 17010 17052 17199
dmlc/mxnet 548 14098 14240 14616 14699 14759 14830 14935 15002 15037 15167 16408 16446 16514 16553 16589 16699 16711 16716 16728 16737 16760 16763 16769 16773 16781 16783 16791 16792 16798 16810 16827 16832 16836 16838 16846 16874 16888 16901 16966 17138 17170 17211 17373 17576 17596 17603
dmlc/mxnet 551 560 582
dmlc/mxnet 585 17095
dmlc/mxnet 587 589
dmlc/mxnet 620 662
dmlc/mxnet 623 627
dmlc/mxnet 654 15895
dmlc/mxnet 669 691 14873
dmlc/mxnet 687 17084 17884 17986 17991
dmlc/mxnet 689 14673
dmlc/mxnet 690 755 14785 14868 14931 14977 15158 15187 15216 15226 15234 15235 15236 15247 15248
dmlc/mxnet 737 17131
dmlc/mxnet 852 934 944 2104 2109
dmlc/mxnet 899 906
dmlc/mxnet 909 940 975 1627
dmlc/mxnet 915 969 14431 16280 16465
dmlc/mxnet 917 974 983
dmlc/mxnet 930 9880
dmlc/mxnet 984 16268 16486
dmlc/mxnet 998 10083
dmlc/mxnet 1000 1046 16695
dmlc/mxnet 1019 1054 16715 16885 16893 16903 17002 17036 17037 17068 17114 17137
dmlc/mxnet 1026 16215
dmlc/mxnet 1070 16772 17689
dmlc/mxnet 1074 1080 17161 17187
dmlc/mxnet 1119 10485 10728 10785 10847 10876 11066 11142 11147 11191 11211
dmlc/mxnet 1126 16630
dmlc/mxnet 1157 1162
dmlc/mxnet 1334 1343
dmlc/mxnet 1344 13200 13480 13491
dmlc/mxnet 1345 1350
dmlc/mxnet 1382 1659
dmlc/mxnet 1428 1441
dmlc/mxnet 1497 1756
dmlc/mxnet 1507 4475
dmlc/mxnet 1512 1580
dmlc/mxnet 1568 1647
dmlc/mxnet 1570 1633
dmlc/mxnet 1630 2003
dmlc/mxnet 1656 2163
dmlc/mxnet 1662 1680
dmlc/mxnet 1666 2376
dmlc/mxnet 1678 1699
dmlc/mxnet 1687 1703
dmlc/mxnet 1730 1731
dmlc/mxnet 1750 1757
dmlc/mxnet 1787 1818
dmlc/mxnet 1902 2002
dmlc/mxnet 1930 1938
dmlc/mxnet 1953 2014
dmlc/mxnet 1964 2009 2039 2054 2086 2100 2165
dmlc/mxnet 2022 2023
dmlc/mxnet 2038 2668 8317
dmlc/mxnet 2051 2181
dmlc/mxnet 2110 2159
dmlc/mxnet 2167 2322 3011 10078 10125 10135 10169
dmlc/mxnet 2272 2319
dmlc/mxnet 2292 2297 2505 2518
dmlc/mxnet 2326 2358 2793
dmlc/mxnet 2406 2463
dmlc/mxnet 2449 2451
dmlc/mxnet 2496 3163 4854 5220 5542
dmlc/mxnet 2531 2708
dmlc/mxnet 2538 2547
dmlc/mxnet 2545 2985
dmlc/mxnet 2603 2626
dmlc/mxnet 2611 2655
dmlc/mxnet 2707 2721
dmlc/mxnet 2736 2750 2802
dmlc/mxnet 2746 2852 2854
dmlc/mxnet 2905 2906
dmlc/mxnet 2967 3017
dmlc/mxnet 2999 3392 3438 4193
dmlc/mxnet 3005 3021 3022 3023
dmlc/mxnet 3018 3098
dmlc/mxnet 3037 3049
dmlc/mxnet 3173 3327 3495 3641 4136 4221 4730
dmlc/mxnet 3272 3497
dmlc/mxnet 3336 3393
dmlc/mxnet 3473 3476 3481 3482
dmlc/mxnet 3489 3502
dmlc/mxnet 3534 3583
dmlc/mxnet 3581 3953 4014 4038 4128
dmlc/mxnet 3584 3800
dmlc/mxnet 3614 8744
dmlc/mxnet 3648 3811 3999 4012 4016 4032 4076 4457 4458
dmlc/mxnet 3702 4150
dmlc/mxnet 3720 3722
dmlc/mxnet 3832 3848
dmlc/mxnet 3849 4677
dmlc/mxnet 3853 4365 4667
dmlc/mxnet 3896 3900
dmlc/mxnet 3921 4778
dmlc/mxnet 3941 3949
dmlc/mxnet 3952 3973 4047 4180
dmlc/mxnet 3981 4476
dmlc/mxnet 4011 4013
dmlc/mxnet 4017 4028
dmlc/mxnet 4031 4052
dmlc/mxnet 4107 5463
dmlc/mxnet 4124 4408
dmlc/mxnet 4140 4513
dmlc/mxnet 4157 4179
dmlc/mxnet 4183 4190 4227 4229
dmlc/mxnet 4237 4309
dmlc/mxnet 4280 4308 4327
dmlc/mxnet 4307 4393
dmlc/mxnet 4403 4565
dmlc/mxnet 4441 4442
dmlc/mxnet 4463 12238 12533 12563
dmlc/mxnet 4723 4724
dmlc/mxnet 4728 4818
dmlc/mxnet 4744 4747
dmlc/mxnet 4754 4814
dmlc/mxnet 4920 4970
dmlc/mxnet 5019 6781 6795
dmlc/mxnet 5048 5221
dmlc/mxnet 5060 5467
dmlc/mxnet 5088 5144 5151 5216 5231 5248
dmlc/mxnet 5140 5386
dmlc/mxnet 5183 6674
dmlc/mxnet 5307 5325
dmlc/mxnet 5312 5352
dmlc/mxnet 5322 5335
dmlc/mxnet 5399 5486 5499
dmlc/mxnet 5400 5424
dmlc/mxnet 5440 5534 5564
dmlc/mxnet 5521 8294
dmlc/mxnet 5545 5598 9809
dmlc/mxnet 5563 5634 5642
dmlc/mxnet 5589 5604 5618
dmlc/mxnet 5638 5693
dmlc/mxnet 5652 5712 5750
dmlc/mxnet 5703 5808
dmlc/mxnet 5726 5890
dmlc/mxnet 5745 6130
dmlc/mxnet 5801 5929
dmlc/mxnet 5832 6062
dmlc/mxnet 5834 5923 5954 10938
dmlc/mxnet 5897 7518
dmlc/mxnet 5908 5920
dmlc/mxnet 5945 6021
dmlc/mxnet 5975 6094
dmlc/mxnet 5996 6001
dmlc/mxnet 6022 8051 8061 8127
dmlc/mxnet 6028 6444
dmlc/mxnet 6106 6409
dmlc/mxnet 6118 6134
dmlc/mxnet 6139 6264
dmlc/mxnet 6192 6246
dmlc/mxnet 6196 6237
dmlc/mxnet 6221 6291
dmlc/mxnet 6231 6463 6520 6757
dmlc/mxnet 6239 6336 6337
dmlc/mxnet 6273 6279
dmlc/mxnet 6298 6754
dmlc/mxnet 6304 6993
dmlc/mxnet 6341 6346
dmlc/mxnet 6349 6353
dmlc/mxnet 6356 6404
dmlc/mxnet 6477 6478
dmlc/mxnet 6523 6555
dmlc/mxnet 6533 6580 6617 6622 6627
dmlc/mxnet 6549 7599
dmlc/mxnet 6567 7781 9081
dmlc/mxnet 6591 6599
dmlc/mxnet 6602 6639
dmlc/mxnet 6612 6613
dmlc/mxnet 6633 6634
dmlc/mxnet 6700 6876
dmlc/mxnet 6722 6841
dmlc/mxnet 6724 6779 6805 7246 7716 13330 13473
dmlc/mxnet 6733 6758
dmlc/mxnet 6753 6903
dmlc/mxnet 6766 8254
dmlc/mxnet 6908 6927 7391
dmlc/mxnet 6989 7017
dmlc/mxnet 7031 7038
dmlc/mxnet 7069 7166 7276
dmlc/mxnet 7147 7321
dmlc/mxnet 7206 7244
dmlc/mxnet 7216 7221
dmlc/mxnet 7233 8185
dmlc/mxnet 7236 7294
dmlc/mxnet 7291 7365
dmlc/mxnet 7303 7327
dmlc/mxnet 7337 7438
dmlc/mxnet 7347 7392
dmlc/mxnet 7374 7421 7679
dmlc/mxnet 7389 17228
dmlc/mxnet 7393 10804 11076 11233
dmlc/mxnet 7494 7732
dmlc/mxnet 7528 7568
dmlc/mxnet 7541 7597
dmlc/mxnet 7545 7547
dmlc/mxnet 7553 7587
dmlc/mxnet 7556 8664
dmlc/mxnet 7561 7995 9583 9619
dmlc/mxnet 7572 7584 7604 7657
dmlc/mxnet 7577 7638 7648 7656 7676 7688 7707 7783 7791 7816 7829 7921 7935 7947 8008 8045 8138 8265 8331 8377 8470
dmlc/mxnet 7659 7678 7686 7693 7760
dmlc/mxnet 7661 7711
dmlc/mxnet 7685 7769
dmlc/mxnet 7712 7788
dmlc/mxnet 7799 9776
dmlc/mxnet 7874 7939
dmlc/mxnet 7893 8187
dmlc/mxnet 7919 7923
dmlc/mxnet 7949 8003 8027
dmlc/mxnet 8005 8107
dmlc/mxnet 8012 8271
dmlc/mxnet 8017 8053
dmlc/mxnet 8026 8087 8095
dmlc/mxnet 8072 16125 16610 16643
dmlc/mxnet 8082 8181
dmlc/mxnet 8161 8199
dmlc/mxnet 8174 8264
dmlc/mxnet 8179 8958 9119 9129 9195
dmlc/mxnet 8225 8269
dmlc/mxnet 8227 8311 8343
dmlc/mxnet 8247 8873
dmlc/mxnet 8258 8268
dmlc/mxnet 8284 8285
dmlc/mxnet 8313 8526 9791 9862 10759
dmlc/mxnet 8322 8543 8620
dmlc/mxnet 8323 8361
dmlc/mxnet 8413 8523
dmlc/mxnet 8414 8740 9215
dmlc/mxnet 8445 8460
dmlc/mxnet 8446 8536
dmlc/mxnet 8469 8478
dmlc/mxnet 8539 8632
dmlc/mxnet 8554 8689
dmlc/mxnet 8572 8619 8624 9353
dmlc/mxnet 8578 9016 9069
dmlc/mxnet 8598 8670 8686 13602
dmlc/mxnet 8652 9659
dmlc/mxnet 8662 8711 8728 9220 9558 17952
dmlc/mxnet 8692 8788 8793 8796
dmlc/mxnet 8732 8838 8867 9463
dmlc/mxnet 8762 8764 8766
dmlc/mxnet 8763 9352 9394 9406
dmlc/mxnet 8774 8784
dmlc/mxnet 8841 8877
dmlc/mxnet 8854 9433
dmlc/mxnet 8858 8946
dmlc/mxnet 8876 9170
dmlc/mxnet 8880 9457 9652
dmlc/mxnet 8894 9099
dmlc/mxnet 8912 9111 9662
dmlc/mxnet 8922 10124
dmlc/mxnet 8957 9058
dmlc/mxnet 8993 9001
dmlc/mxnet 9029 10183 10232
dmlc/mxnet 9033 9519
dmlc/mxnet 9055 16654 17530 17552
dmlc/mxnet 9135 9151 9152 9933 11215
dmlc/mxnet 9218 9254 9383
dmlc/mxnet 9305 9783
dmlc/mxnet 9323 9348
dmlc/mxnet 9336 9341
dmlc/mxnet 9367 9441
dmlc/mxnet 9370 9435
dmlc/mxnet 9400 10222
dmlc/mxnet 9442 9443
dmlc/mxnet 9464 9479 9481
dmlc/mxnet 9472 9499
dmlc/mxnet 9484 9701
dmlc/mxnet 9485 9576
dmlc/mxnet 9495 9541
dmlc/mxnet 9535 9548 9630
dmlc/mxnet 9552 9684
dmlc/mxnet 9561 9569
dmlc/mxnet 9570 9578
dmlc/mxnet 9577 9581
dmlc/mxnet 9625 9803
dmlc/mxnet 9660 9723
dmlc/mxnet 9666 9840
dmlc/mxnet 9672 9773 9798 9899
dmlc/mxnet 9678 10054 10179 10229
dmlc/mxnet 9700 9734
dmlc/mxnet 9705 9777 9833 10251 10537 10607 10720 17796 18158 18252 18331 18335 18361 18602
dmlc/mxnet 9716 10297
dmlc/mxnet 9718 9879
dmlc/mxnet 9730 15026
dmlc/mxnet 9740 10913
dmlc/mxnet 9771 11621 11753 11844 11866 12387
dmlc/mxnet 9793 9805
dmlc/mxnet 9795 9869
dmlc/mxnet 9810 9831
dmlc/mxnet 9839 9841
dmlc/mxnet 9846 9882 10150 10208 10415 10477 10545 10554 10565
dmlc/mxnet 9851 9858
dmlc/mxnet 9906 9943 9946 9988 9995 10034 10214
dmlc/mxnet 9919 9928
dmlc/mxnet 9925 10099
dmlc/mxnet 9931 10027 10028 10030 10108
dmlc/mxnet 9939 10201
dmlc/mxnet 9964 9965 9975 9999 10023
dmlc/mxnet 9984 10882 11493 12176 12211
dmlc/mxnet 9986 10008
dmlc/mxnet 9991 10048
dmlc/mxnet 10031 10043
dmlc/mxnet 10039 10155
dmlc/mxnet 10062 10293 10312
dmlc/mxnet 10069 12069
dmlc/mxnet 10081 10091
dmlc/mxnet 10089 10336
dmlc/mxnet 10122 10138
dmlc/mxnet 10170 10172
dmlc/mxnet 10199 10261
dmlc/mxnet 10200 10218
dmlc/mxnet 10213 10231 10370
dmlc/mxnet 10241 10270 10276
dmlc/mxnet 10258 10260 10575
dmlc/mxnet 10296 10300
dmlc/mxnet 10315 11026 11095 11129 11262 11308
dmlc/mxnet 10340 12467
dmlc/mxnet 10371 11113
dmlc/mxnet 10385 10461
dmlc/mxnet 10410 10433
dmlc/mxnet 10426 10445
dmlc/mxnet 10437 12182 12636 13471
dmlc/mxnet 10440 10468
dmlc/mxnet 10449 10570 10587 10606
dmlc/mxnet 10497 10499
dmlc/mxnet 10512 10909
dmlc/mxnet 10550 11330
dmlc/mxnet 10556 10573 10576 10590 10615 10643 10657 10659 10725 11004
dmlc/mxnet 10605 11106
dmlc/mxnet 10608 10642
dmlc/mxnet 10613 10629 10719 10736 10808 10819 10853
dmlc/mxnet 10617 10722
dmlc/mxnet 10624 10718
dmlc/mxnet 10639 10662 10679
dmlc/mxnet 10653 10654
dmlc/mxnet 10661 10677
dmlc/mxnet 10671 10680
dmlc/mxnet 10676 10688
dmlc/mxnet 10687 10693
dmlc/mxnet 10760 10769 10771
dmlc/mxnet 10761 10798
dmlc/mxnet 10772 10777
dmlc/mxnet 10783 11090 11449
dmlc/mxnet 10813 10830
dmlc/mxnet 10827 11317
dmlc/mxnet 10833 11013 11373 11429 11623 11633 11669 11671 11672 11750 11757
dmlc/mxnet 10848 10849 10850
dmlc/mxnet 10889 11661
dmlc/mxnet 10951 12084 12160 15369
dmlc/mxnet 10961 11175
dmlc/mxnet 10970 11268
dmlc/mxnet 11003 11511
dmlc/mxnet 11036 11096 11151 11244
dmlc/mxnet 11037 11154 11180 11528
dmlc/mxnet 11069 11105 11128
dmlc/mxnet 11123 11126 11143 11239
dmlc/mxnet 11127 11210
dmlc/mxnet 11134 12250
dmlc/mxnet 11186 11187
dmlc/mxnet 11190 11196
dmlc/mxnet 11198 11250
dmlc/mxnet 11199 11309
dmlc/mxnet 11204 11216
dmlc/mxnet 11223 11392
dmlc/mxnet 11254 14284
dmlc/mxnet 11258 11276
dmlc/mxnet 11259 11260
dmlc/mxnet 11301 11498 11611
dmlc/mxnet 11316 11764
dmlc/mxnet 11356 11466
dmlc/mxnet 11364 11435 11626
dmlc/mxnet 11365 11529
dmlc/mxnet 11377 11766
dmlc/mxnet 11380 11422 11440
dmlc/mxnet 11396 11873
dmlc/mxnet 11419 11425 11781
dmlc/mxnet 11443 11820
dmlc/mxnet 11445 12099
dmlc/mxnet 11446 11499
dmlc/mxnet 11465 12256
dmlc/mxnet 11470 11630 11652
dmlc/mxnet 11478 11532 11540 11548
dmlc/mxnet 11494 11523
dmlc/mxnet 11520 13456 14631
dmlc/mxnet 11578 11586
dmlc/mxnet 11595 12070
dmlc/mxnet 11596 11605
dmlc/mxnet 11615 11648
dmlc/mxnet 11631 11656
dmlc/mxnet 11676 11771
dmlc/mxnet 11778 11831 13084 13433 13497 13603 13625
dmlc/mxnet 11779 11813
dmlc/mxnet 11793 12975
dmlc/mxnet 11814 11923
dmlc/mxnet 11830 11860
dmlc/mxnet 11834 12468
dmlc/mxnet 11858 12183
dmlc/mxnet 11862 11989
dmlc/mxnet 11874 11892
dmlc/mxnet 11888 11920
dmlc/mxnet 11921 12075 12102 13705
dmlc/mxnet 11951 12184
dmlc/mxnet 11994 12052
dmlc/mxnet 12000 12095 12096 12108
dmlc/mxnet 12019 12058 12411 12740
dmlc/mxnet 12031 12666 13980 13990 14136
dmlc/mxnet 12064 13816
dmlc/mxnet 12094 12423 12588 12596
dmlc/mxnet 12125 12181 12223
dmlc/mxnet 12144 12147
dmlc/mxnet 12148 12149 12170
dmlc/mxnet 12152 12595
dmlc/mxnet 12162 12360
dmlc/mxnet 12191 12229 12231 12237 12295
dmlc/mxnet 12200 12207 12277
dmlc/mxnet 12225 12235
dmlc/mxnet 12254 12271
dmlc/mxnet 12260 12264
dmlc/mxnet 12270 12272 12305 12325 12338
dmlc/mxnet 12278 12322
dmlc/mxnet 12279 12379
dmlc/mxnet 12282 12352 12355 12436
dmlc/mxnet 12285 12537 12545
dmlc/mxnet 12317 12326 12339 12340 12343 12367 12375 12396
dmlc/mxnet 12328 13169 13310 13311 13897
dmlc/mxnet 12348 12349
dmlc/mxnet 12399 13981
dmlc/mxnet 12402 12441
dmlc/mxnet 12412 13117
dmlc/mxnet 12413 12426 12540 12607
dmlc/mxnet 12418 12496 12516 12560
dmlc/mxnet 12430 12476 12479 12494
dmlc/mxnet 12462 12550 12590 12924 13137 13179
dmlc/mxnet 12471 13151
dmlc/mxnet 12490 12507 12508 12561
dmlc/mxnet 12499 13120
dmlc/mxnet 12504 12573
dmlc/mxnet 12509 12534
dmlc/mxnet 12536 12608 12624 12690 12757 12772 12816
dmlc/mxnet 12581 12587
dmlc/mxnet 12591 12724 13197 13464 13478 13503 13507 13540 13544 13558 13677 13681 13744 13893
dmlc/mxnet 12603 13119 13423
dmlc/mxnet 12606 12621
dmlc/mxnet 12615 12616
dmlc/mxnet 12625 12781 12788 12789 13475 13486 15454 15502 15523 15554 15561 15568 15668 15883 15884 15885 16144 16294
dmlc/mxnet 12637 12687
dmlc/mxnet 12645 12714
dmlc/mxnet 12655 12674 12692 13122
dmlc/mxnet 12677 12678
dmlc/mxnet 12689 13921
dmlc/mxnet 12717 13057
dmlc/mxnet 12719 13196
dmlc/mxnet 12721 12723 12758 12784
dmlc/mxnet 12737 12773
dmlc/mxnet 12746 13324
dmlc/mxnet 12768 12804 12986 12987 13123
dmlc/mxnet 12786 13121 13225 13228 13231
dmlc/mxnet 12794 13158
dmlc/mxnet 12811 13157
dmlc/mxnet 12821 14095 14613 14779 14836 14992 15014 15024 15050 15109 15120 15253 15413 15625 16257
dmlc/mxnet 12826 12830
dmlc/mxnet 12831 13357 13483
dmlc/mxnet 12850 14219 14513 14527 14529 14595 14611 14909 14920 14964
dmlc/mxnet 12853 14196 14842 14959
dmlc/mxnet 12856 13155
dmlc/mxnet 12866 12926 12997
dmlc/mxnet 12881 12962 12974
dmlc/mxnet 12893 14582
dmlc/mxnet 12904 13071 13081 13097
dmlc/mxnet 12915 12930 13294
dmlc/mxnet 12946 13511 13641 13821
dmlc/mxnet 12955 12965
dmlc/mxnet 12980 13599
dmlc/mxnet 12983 13191 13418 14035 14042 14082 15811 15994
dmlc/mxnet 12992 13047 13049 13156
dmlc/mxnet 12995 13107 13207
dmlc/mxnet 13034 13130
dmlc/mxnet 13046 13450 13626 13629 13655 13707 13767 13820
dmlc/mxnet 13050 13060
dmlc/mxnet 13062 13590 14167
dmlc/mxnet 13069 13345
dmlc/mxnet 13129 13180
dmlc/mxnet 13140 18385 18424
dmlc/mxnet 13150 13607
dmlc/mxnet 13165 13272
dmlc/mxnet 13182 13249
dmlc/mxnet 13185 13273 13284 13344 13355 13367 13534
dmlc/mxnet 13188 13401 13898
dmlc/mxnet 13189 13210
dmlc/mxnet 13213 13230
dmlc/mxnet 13214 13240 13246 13252
dmlc/mxnet 13224 14162
dmlc/mxnet 13239 13270 13271
dmlc/mxnet 13241 13325
dmlc/mxnet 13285 13287
dmlc/mxnet 13322 13378
dmlc/mxnet 13376 13824
dmlc/mxnet 13382 13405
dmlc/mxnet 13402 13532 13547 13562 13659 13665 13666 14132 14147 14160 14163
dmlc/mxnet 13419 14018
dmlc/mxnet 13436 13463 13492 13539
dmlc/mxnet 13443 13467
dmlc/mxnet 13498 13543 14475 14540 14571
dmlc/mxnet 13501 13517
dmlc/mxnet 13546 13609
dmlc/mxnet 13549 13964 13992
dmlc/mxnet 13559 14313 14424
dmlc/mxnet 13564 13687
dmlc/mxnet 13604 14299
dmlc/mxnet 13611 13679 13694 14259
dmlc/mxnet 13614 13802 13837 14054 14055
dmlc/mxnet 13624 13642
dmlc/mxnet 13627 13667 15170 15360
dmlc/mxnet 13628 13635
dmlc/mxnet 13647 14142 14148 14156
dmlc/mxnet 13668 14407 14466 14899 15213
dmlc/mxnet 13678 13794
dmlc/mxnet 13683 13960
dmlc/mxnet 13727 13900
dmlc/mxnet 13730 13841 13867 13887 13927 13952
dmlc/mxnet 13758 15021
dmlc/mxnet 13764 14419
dmlc/mxnet 13775 13780
dmlc/mxnet 13793 13797 13799 13808 13851 13856 14687 17351 17370
dmlc/mxnet 13795 13812 13822
dmlc/mxnet 13813 13864
dmlc/mxnet 13818 15842 15843 15894 15951 15952
dmlc/mxnet 13840 13884
dmlc/mxnet 13843 13882
dmlc/mxnet 13855 13978
dmlc/mxnet 13886 14172
dmlc/mxnet 13890 14200 15272
dmlc/mxnet 13932 14575 14693
dmlc/mxnet 13933 14397 14433 14451 14677 14753
dmlc/mxnet 13995 14658 14666 14667 14668 14669 14780
dmlc/mxnet 14000 14303 15361
dmlc/mxnet 14001 14024
dmlc/mxnet 14014 14050 14051
dmlc/mxnet 14031 14032
dmlc/mxnet 14040 14591
dmlc/mxnet 14058 14290 14352
dmlc/mxnet 14063 14141 14182
dmlc/mxnet 14099 14139
dmlc/mxnet 14103 14107 14230 14403
dmlc/mxnet 14119 14120 14134
dmlc/mxnet 14144 14145 14146 14168
dmlc/mxnet 14171 14221
dmlc/mxnet 14179 14781
dmlc/mxnet 14188 14287
dmlc/mxnet 14213 15217
dmlc/mxnet 14214 14532 15039 15135 15141 16164 16179 17450
dmlc/mxnet 14243 14919 15546 16722 17631
dmlc/mxnet 14252 14716
dmlc/mxnet 14300 14339
dmlc/mxnet 14305 14308
dmlc/mxnet 14319 14336 14348 14355 14420 14469
dmlc/mxnet 14354 15924
dmlc/mxnet 14365 14477 14480
dmlc/mxnet 14372 14556 14586
dmlc/mxnet 14379 14438 14448
dmlc/mxnet 14393 15872 15993 15995 15996
dmlc/mxnet 14413 14417
dmlc/mxnet 14443 14912 15560
dmlc/mxnet 14511 14625
dmlc/mxnet 14521 14537
dmlc/mxnet 14531 14565
dmlc/mxnet 14533 14567
dmlc/mxnet 14579 14617 15661
dmlc/mxnet 14588 14807 16738 16787
dmlc/mxnet 14608 14641
dmlc/mxnet 14615 15177
dmlc/mxnet 14620 14621 14637
dmlc/mxnet 14622 14639
dmlc/mxnet 14623 14662
dmlc/mxnet 14638 14642
dmlc/mxnet 14676 14682 14908
dmlc/mxnet 14714 15245
dmlc/mxnet 14726 14778
dmlc/mxnet 14728 15518
dmlc/mxnet 14733 14948
dmlc/mxnet 14738 15298 15380
dmlc/mxnet 14740 14743 17018 17019
dmlc/mxnet 14744 14752
dmlc/mxnet 14750 14800 14813
dmlc/mxnet 14757 14776 14783 14818
dmlc/mxnet 14764 14806
dmlc/mxnet 14812 14837 14884 14887 14906 14910 14950 14986 14988 14996 15142
dmlc/mxnet 14819 14823
dmlc/mxnet 14855 15117 15433
dmlc/mxnet 14860 16044
dmlc/mxnet 14900 14926 14940 14946 15270
dmlc/mxnet 14921 14923
dmlc/mxnet 14928 14929
dmlc/mxnet 14951 14987
dmlc/mxnet 14963 15007
dmlc/mxnet 15000 15011 15022
dmlc/mxnet 15033 15099 15100
dmlc/mxnet 15060 15061
dmlc/mxnet 15072 15660
dmlc/mxnet 15089 15130
dmlc/mxnet 15128 15174
dmlc/mxnet 15132 15240 16055
dmlc/mxnet 15155 15180
dmlc/mxnet 15164 15280
dmlc/mxnet 15210 15401 15403
dmlc/mxnet 15292 16744 16844
dmlc/mxnet 15293 16801
dmlc/mxnet 15302 17030
dmlc/mxnet 15306 16009 16861
dmlc/mxnet 15331 15412 15416 15474 15476 15530 15531 15679
dmlc/mxnet 15345 15550
dmlc/mxnet 15346 15825 15871 15983 16132 16463
dmlc/mxnet 15399 16386
dmlc/mxnet 15424 15498 15691 15694 15739
dmlc/mxnet 15435 15485 15488
dmlc/mxnet 15462 15695 15814
dmlc/mxnet 15468 16813
dmlc/mxnet 15493 15565
dmlc/mxnet 15494 15959
dmlc/mxnet 15497 15631 15805
dmlc/mxnet 15508 15696 15816
dmlc/mxnet 15511 15698 15817
dmlc/mxnet 15552 16341 17070
dmlc/mxnet 15558 15645
dmlc/mxnet 15564 15579
dmlc/mxnet 15567 15699 15818 15887
dmlc/mxnet 15593 15728 15830 17406
dmlc/mxnet 15595 16013
dmlc/mxnet 15600 16881
dmlc/mxnet 15601 15827
dmlc/mxnet 15606 15736
dmlc/mxnet 15608 15609 16138 16142
dmlc/mxnet 15620 15873
dmlc/mxnet 15641 15673 15676
dmlc/mxnet 15688 15834 17049 17069
dmlc/mxnet 15706 16141 16199 16263
dmlc/mxnet 15733 15821
dmlc/mxnet 15761 15953 15970
dmlc/mxnet 15768 16198
dmlc/mxnet 15806 15860
dmlc/mxnet 15838 15890 15901 16015 16248
dmlc/mxnet 15845 15846 15861 16378 16390 16403 16415 16800
dmlc/mxnet 15849 16614
dmlc/mxnet 15855 15973 15984
dmlc/mxnet 15859 16947
dmlc/mxnet 15889 16046 16058
dmlc/mxnet 15903 15909 16506 16554
dmlc/mxnet 15940 16124 16414
dmlc/mxnet 15941 15960 15980 16104 16229 16409 16416 16477 16497 16585 16678 16706 16878 16890 16895 16900 16907 16922 16957 16971 16979 16982 17029 17042 17048 17318
dmlc/mxnet 15946 15989
dmlc/mxnet 15948 15999
dmlc/mxnet 15964 16026
dmlc/mxnet 15981 17889 17905
dmlc/mxnet 15991 16607 16622
dmlc/mxnet 16012 16064 16065
dmlc/mxnet 16025 16915
dmlc/mxnet 16061 16062 16063
dmlc/mxnet 16073 16075
dmlc/mxnet 16088 16191
dmlc/mxnet 16089 17174
dmlc/mxnet 16097 16207
dmlc/mxnet 16105 16137
dmlc/mxnet 16109 16204
dmlc/mxnet 16116 16157
dmlc/mxnet 16122 16131 16356
dmlc/mxnet 16129 17014
dmlc/mxnet 16178 16218
dmlc/mxnet 16190 16202
dmlc/mxnet 16234 16884 16992 17312 17975
dmlc/mxnet 16258 16272 16425 16455
dmlc/mxnet 16281 16284
dmlc/mxnet 16288 16304 16369
dmlc/mxnet 16336 16372
dmlc/mxnet 16363 16396
dmlc/mxnet 16366 16368
dmlc/mxnet 16377 16392 16411 16496
dmlc/mxnet 16391 16584
dmlc/mxnet 16412 16430
dmlc/mxnet 16435 16547
dmlc/mxnet 16442 17725
dmlc/mxnet 16512 16579
dmlc/mxnet 16555 16565 16609 16618 16644 16652 16663 16672 16682 17075 17183 17225 17491 17601 18139 18206
dmlc/mxnet 16577 16599
dmlc/mxnet 16602 16608
dmlc/mxnet 16639 16790 16972
dmlc/mxnet 16689 16691
dmlc/mxnet 16690 16764
dmlc/mxnet 16698 16923 17609
dmlc/mxnet 16709 17752 17830 17959 17964 17993 18001 18028 18106
dmlc/mxnet 16714 16755
dmlc/mxnet 16748 16797
dmlc/mxnet 16777 16796 16824 16892
dmlc/mxnet 16778 16804
dmlc/mxnet 16834 16835
dmlc/mxnet 16837 16847 16872
dmlc/mxnet 16896 17234
dmlc/mxnet 16914 17099
dmlc/mxnet 16941 16993
dmlc/mxnet 16980 17012 17031 17039 17063 17098 17133 17155 17160 17193 17213 17293 17773
dmlc/mxnet 17028 17035
dmlc/mxnet 17051 17162
dmlc/mxnet 17060 17066
dmlc/mxnet 17065 17465 17597
dmlc/mxnet 17121 17324
dmlc/mxnet 17128 17208 17298 17348
dmlc/mxnet 17146 17149 17202
dmlc/mxnet 17147 17148
dmlc/mxnet 17229 17273
dmlc/mxnet 17281 17294
dmlc/mxnet 17321 17325
dmlc/mxnet 17334 17361
dmlc/mxnet 17336 17372 17408 17429
dmlc/mxnet 17364 17375
dmlc/mxnet 17400 17444 17445 17449 17542 17629 17630 17735
dmlc/mxnet 17438 17519
dmlc/mxnet 17441 17575
dmlc/mxnet 17484 17499
dmlc/mxnet 17509 17876
dmlc/mxnet 17510 17682 17718
dmlc/mxnet 17555 17998
dmlc/mxnet 17561 17594
dmlc/mxnet 17570 17592 17602
dmlc/mxnet 17593 17600
dmlc/mxnet 17673 18110 18111
dmlc/mxnet 17679 18160 18377 18470
dmlc/mxnet 17683 17805
dmlc/mxnet 17707 18039
dmlc/mxnet 17734 18328 18358 18359 18363 18376 18403 18413 18601 18609
dmlc/mxnet 17736 17894 17906 18045
dmlc/mxnet 17739 17741 17764 17765
dmlc/mxnet 17751 17794
dmlc/mxnet 17756 18051
dmlc/mxnet 17772 18075 18122
dmlc/mxnet 17828 17842 17853
dmlc/mxnet 17866 18049
dmlc/mxnet 17882 18168 18625 18626
dmlc/mxnet 17900 18067
dmlc/mxnet 17902 18011
dmlc/mxnet 17948 17956 17957 18016 18071
dmlc/mxnet 17999 18119 18141 18142 18143
dmlc/mxnet 18012 18023
dmlc/mxnet 18109 18133 18134
dmlc/mxnet 18115 18138 18264
dmlc/mxnet 18129 18152
dmlc/mxnet 18179 18183
dmlc/mxnet 18285 18325
dmlc/mxnet 18288 18473 18488
dmlc/mxnet 18320 18469
dmlc/mxnet 18347 18356
dmlc/mxnet 18368 18645
dmlc/mxnet 18394 18455
dmlc/mxnet 18404 18453
dmlc/mxnet 18419 18482
dmlc/mxnet 18431 18457
dmlc/mxnet 18434 18485
dmlc/mxnet 18478 18541 18633 18634 18651
dmlc/mxnet 18487 18587 18661
dmlc/mxnet 18489 18502 18503
dmlc/mxnet 18492 18500 18504 18517 18518
dmlc/mxnet 18578 18606
dmlc/mxnet 18594 18642
dmlc/mxnet 18607 18613
dmlc/mxnet 18630 18636
dmlc/mxnet 18644 18654
