18F/identity-idp 1 2 30 61 63 167 189 198 199 515 519 588 647 668 761 767 768 999 1030 1033 1223 1257 1263 1265 1288 1300 1302 1508 1509 1510 1511 1512 1513 1514 1515 1516 1517 1518 1519 1520 1521 1522 1523 1524 1525 1526 1527 1528 1532 1537 1542 1543 1545 1546 1547 1552 1686 1897 2127 2214 2351 2353 2375 2383 2387 2388 2389 2390 2391 2394 2395 2396 2398 2400 2407 2411 2412 2413 2414 2415 2416 2417 2418 2419 2420 2421 2423 2425 2426 2427 2429 2430 2431 2433 2434 2435 2436 2437 2438 2440 2441 2442 2443 2444 2446 2447 2448 2449 2450 2451 2452 2454 2455 2456 2457 2458 2459 2460 2461 2462 2463 2464 2465 2467 2468 2469 2470 2471 2472 2473 2474 2475 2476 2477 2478 2479 2481 2482 2483 2484 2485 2486 2487 2488 2489 2490 2491 2492 2493 2494 2495 2496 2497 2498 2499 2500 2501 2502 2503 2504 2506 2507 2508 2509 2511 2512 2513 2514 2516 2517 2518 2519 2520 2521 2522 2523 2524 2525 2526 2527 2528 2529 2530 2531 2532 2533 2534 2535 2537 2538 2539 2540 2541 2542 2543 2544 2545 2547 2548 2550 2551 2552 2556 2558 2559 2560 2561 2562 2563 2564 2565 2566 2567 2568 2569 2570 2571 2572 2573 2574 2575 2576 2577 2578 2579 2580 2581 2582 2583 2584 2585 2587 2588 2590 2591 2592 2594 2595 2596 2602 2603 2604 2605 2606 2607 2608 2609 2610 2611 2612 2613 2614 2615 2617 2618 2619 2620 2622 2623 2624 2627 2628 2629 2630 2631 2633 2634 2635 2637 2638 2639 2640 2641 2642 2643 2644 2645 2647 2648 2649 2650 2651 2652 2653 2654 2655 2656 2657 2658 2659 2660 2661 2662 2665 2666 2667 2668 2669 2670 2671 2672 2673 2674 2676 2677 2678 2679 2684 2685 2686 2687 2688 2689 2691 2692 2696 2699 2703 2704 2705 2707 2709 2710 2711 2712 2713 2714 2715 2716 2717 2718 2719 2720 2723 2724 2728 2729 2741 2742 2743 2749 2756 2758 2764 2765 2775 2780 2782 2784 2792 2794 2797 2800 2801 2804 2808 2809 2812 2814 2815 2834 2835 2836 2843 2846 2848 2849 2852 2854 2856 2857 2858 2860 2867 2869 2872 2874 2875 2878 2879 2880 2881 2882 2884 2885 2887 2888 2891 2897 2898 2900 2903 2904 2905 2907 2913 2914 2915 2917 2920 2921 2923 2925 2926 2934 2941 2942 2944 2947 2950 2952 2959 2960 2962 2966 2967 2968 2969 2971 2973 2974 2976 2977 2978 2979 2981 2982 2983 2984 2985 2988 2989 2990 2992 2993 2995 2996 3000 3001 3002 3007 3011 3016 3019 3020 3021 3030 3031 3034 3037 3044 3045 3046 3048 3049 3059 3063 3065 3066 3069 3071 3073 3074 3075 3076 3077 3078 3084 3085 3086 3114 3757 3760 3771
18F/identity-idp 3 1306
18F/identity-idp 5 1060 3612
18F/identity-idp 6 1392 1557 1697 1699
18F/identity-idp 8 32
18F/identity-idp 9 10 1749 1755 2787 2790
18F/identity-idp 11 1743 1744 2130 2205 2206 2242 2248 2286 2290 2297 2298 2316 2318 2331 2333 2334 2335 2336 2337 2338 2341 2346 2355 2357 2360 2362
18F/identity-idp 16 1568 1571
18F/identity-idp 19 38 1113 1437
18F/identity-idp 22 23 336 3390
18F/identity-idp 25 3597
18F/identity-idp 26 1164
18F/identity-idp 33 663 670
18F/identity-idp 41 892
18F/identity-idp 48 76
18F/identity-idp 58 3149
18F/identity-idp 68 74 99 1108
18F/identity-idp 70 3619
18F/identity-idp 84 3206
18F/identity-idp 87 3363
18F/identity-idp 89 3384 3403 3404
18F/identity-idp 91 220 1603 1676
18F/identity-idp 93 97
18F/identity-idp 100 116
18F/identity-idp 105 597
18F/identity-idp 108 472
18F/identity-idp 111 128 148
18F/identity-idp 113 115 3590
18F/identity-idp 114 3602
18F/identity-idp 129 1759
18F/identity-idp 136 159
18F/identity-idp 152 156
18F/identity-idp 160 200
18F/identity-idp 171 179 183 185
18F/identity-idp 182 3493
18F/identity-idp 209 212
18F/identity-idp 236 3237 3298 3320
18F/identity-idp 238 249
18F/identity-idp 260 264
18F/identity-idp 275 287
18F/identity-idp 276 277 305
18F/identity-idp 285 294
18F/identity-idp 293 311
18F/identity-idp 298 300
18F/identity-idp 299 385 402 408 415 433
18F/identity-idp 306 314 3547
18F/identity-idp 320 332 342
18F/identity-idp 322 323 329
18F/identity-idp 335 347
18F/identity-idp 348 375 382 386
18F/identity-idp 360 363 365
18F/identity-idp 425 427
18F/identity-idp 426 431
18F/identity-idp 448 473 483
18F/identity-idp 452 453
18F/identity-idp 474 486 490 491 498 507 516 517 518 578 596 598 599 601 622 650 729 730
18F/identity-idp 479 488 489
18F/identity-idp 511 512
18F/identity-idp 534 550
18F/identity-idp 536 575
18F/identity-idp 559 560
18F/identity-idp 564 638
18F/identity-idp 572 843 1143 1369 1407 1414 1421 1424 1434 1530 1550 1898
18F/identity-idp 576 648
18F/identity-idp 584 1344
18F/identity-idp 608 612
18F/identity-idp 615 616
18F/identity-idp 621 623
18F/identity-idp 624 626
18F/identity-idp 637 641
18F/identity-idp 651 652
18F/identity-idp 679 695 705
18F/identity-idp 686 709
18F/identity-idp 738 743
18F/identity-idp 749 750
18F/identity-idp 757 781
18F/identity-idp 759 760
18F/identity-idp 762 772 804 1361
18F/identity-idp 839 840
18F/identity-idp 844 2034 2149
18F/identity-idp 848 855
18F/identity-idp 860 861
18F/identity-idp 866 867 868
18F/identity-idp 870 880
18F/identity-idp 885 901 902
18F/identity-idp 894 899
18F/identity-idp 909 973
18F/identity-idp 913 921
18F/identity-idp 925 926 931 932 933 947 953
18F/identity-idp 936 937
18F/identity-idp 938 941
18F/identity-idp 969 972
18F/identity-idp 990 991 1384 1391
18F/identity-idp 1002 1064 1070
18F/identity-idp 1003 1004
18F/identity-idp 1007 1008
18F/identity-idp 1016 1028
18F/identity-idp 1019 1026
18F/identity-idp 1021 1031
18F/identity-idp 1022 1027
18F/identity-idp 1024 1055
18F/identity-idp 1032 1035
18F/identity-idp 1043 1046
18F/identity-idp 1048 1057
18F/identity-idp 1075 1097 1218 1240
18F/identity-idp 1107 1120
18F/identity-idp 1112 1125
18F/identity-idp 1122 1144
18F/identity-idp 1137 2163
18F/identity-idp 1168 1169 1170
18F/identity-idp 1181 1184
18F/identity-idp 1219 1220
18F/identity-idp 1245 1248
18F/identity-idp 1251 1272 1273
18F/identity-idp 1253 1258
18F/identity-idp 1255 1314
18F/identity-idp 1262 1275
18F/identity-idp 1269 1410 1411
18F/identity-idp 1301 1307
18F/identity-idp 1318 1346 1349
18F/identity-idp 1319 1330
18F/identity-idp 1322 1326
18F/identity-idp 1348 1355
18F/identity-idp 1358 1394
18F/identity-idp 1385 1389
18F/identity-idp 1386 1415
18F/identity-idp 1419 1675
18F/identity-idp 1439 1449
18F/identity-idp 1443 1461
18F/identity-idp 1462 1463
18F/identity-idp 1464 1505
18F/identity-idp 1488 1506
18F/identity-idp 1489 1490
18F/identity-idp 1503 1504
18F/identity-idp 1544 1559
18F/identity-idp 1548 1549
18F/identity-idp 1553 1556
18F/identity-idp 1580 1588
18F/identity-idp 1581 1583
18F/identity-idp 1582 1619
18F/identity-idp 1586 1590
18F/identity-idp 1599 1611
18F/identity-idp 1602 1609
18F/identity-idp 1605 1607 1615
18F/identity-idp 1634 1662
18F/identity-idp 1638 1667
18F/identity-idp 1663 1672
18F/identity-idp 1691 1693 1701 1703 1705
18F/identity-idp 1695 1751
18F/identity-idp 1696 1924 1925
18F/identity-idp 1721 1722 1723 1726
18F/identity-idp 1736 1742
18F/identity-idp 1748 2001
18F/identity-idp 1758 1762
18F/identity-idp 1769 1777
18F/identity-idp 1781 2378
18F/identity-idp 1784 1788
18F/identity-idp 1794 1796
18F/identity-idp 1799 1864
18F/identity-idp 1805 1827
18F/identity-idp 1810 1814
18F/identity-idp 1818 1833
18F/identity-idp 1819 1820
18F/identity-idp 1845 1850
18F/identity-idp 1865 1962
18F/identity-idp 1875 1878
18F/identity-idp 1907 1913
18F/identity-idp 1941 3595
18F/identity-idp 1965 1970
18F/identity-idp 1976 1977
18F/identity-idp 1996 2040
18F/identity-idp 2014 2024
18F/identity-idp 2027 2039 2088
18F/identity-idp 2038 2121
18F/identity-idp 2045 2274
18F/identity-idp 2054 2081
18F/identity-idp 2060 2069
18F/identity-idp 2102 2106 2112 2113
18F/identity-idp 2128 2142
18F/identity-idp 2136 2240
18F/identity-idp 2160 2174
18F/identity-idp 2220 2229
18F/identity-idp 2231 2243
18F/identity-idp 2280 2284 2285
18F/identity-idp 2281 2293 2304 2317
18F/identity-idp 2308 2312
18F/identity-idp 2310 2332
18F/identity-idp 2313 2374
18F/identity-idp 2315 2385
18F/identity-idp 2344 2345
18F/identity-idp 2354 2372
18F/identity-idp 2359 3220
18F/identity-idp 2367 2373
18F/identity-idp 2598 2599 2601
18F/identity-idp 2734 2735 2760
18F/identity-idp 2752 2754
18F/identity-idp 2832 2838
18F/identity-idp 2865 2873
18F/identity-idp 2939 2940
18F/identity-idp 3006 3014
18F/identity-idp 3053 3054
18F/identity-idp 3105 3122
18F/identity-idp 3273 3274
18F/identity-idp 3319 3324
18F/identity-idp 3344 3352
18F/identity-idp 3353 3400
18F/identity-idp 3366 3367
18F/identity-idp 3386 3391
18F/identity-idp 3395 3396 3397
18F/identity-idp 3460 3461
18F/identity-idp 3511 3517
18F/identity-idp 3524 3582 3587
18F/identity-idp 3544 3558
18F/identity-idp 3564 3576
18F/identity-idp 3623 3629
18F/identity-idp 3625 3636
18F/identity-idp 3627 3628 3632 3633
18F/identity-idp 3638 3722
18F/identity-idp 3645 3648 3649 3653 3654
18F/identity-idp 3657 3658
18F/identity-idp 3661 3681
18F/identity-idp 3668 3669
18F/identity-idp 3683 3688
18F/identity-idp 3685 3689
18F/identity-idp 3698 3699
18F/identity-idp 3701 3710 3711
18F/identity-idp 3713 3714
18F/identity-idp 3729 3730
18F/identity-idp 3732 3745
18F/identity-idp 3746 3750 3755
18F/identity-idp 3762 3773
18F/identity-idp 3772 3774
18F/identity-idp 3777 3786
18F/identity-idp 3792 3794
18F/identity-idp 3796 3797 3798
18F/identity-idp 3803 3805 3806
18F/identity-idp 3804 3835 3839 3840
18F/identity-idp 3820 3821 3822 3823 3829 3830
18F/identity-idp 3846 3850
18F/identity-idp 3847 3856
18F/identity-idp 3896 3897
18F/identity-idp 3901 3903 3908 3909 3911 3913 3914 3918
