chanzuckerberg/idseq-web 1 138 2669
chanzuckerberg/idseq-web 2 1930 1931 1935 1936
chanzuckerberg/idseq-web 3 4 120 248 253 257 268 292 485 560 862 977 978 979 980 981 982 983 984 987 988 989 1143 1182 1189 2174 2475 2478 2480 2542 2698 2959 2961 2968 2984 2985 2986 2987 2989 2990 2991 2992 2993 2994 2995 2996 2997 2998 2999 3000 3001 3002 3004 3005 3006 3007 3008 3009 3010 3011 3012 3013 3014 3015 3016 3017 3019 3020 3022 3023 3024 3025 3026 3027 3028 3029 3030 3031 3032 3033 3034 3035 3036 3037 3038 3039 3040 3041 3042 3043 3044 3045 3046 3047 3048 3049 3050 3051 3052 3053 3056 3057 3058 3059 3060 3061 3062 3063 3064 3065 3066 3068 3069 3070 3071 3073 3074 3075 3076 3077 3078 3082 3083 3084 3086 3087 3088 3089 3090 3091 3092 3093 3094 3095 3096 3097 3098 3099 3100 3101 3103 3104 3106 3107 3108 3109 3110 3111 3113 3114 3115 3116 3117 3118 3119 3123 3124 3125 3126 3127 3128 3129 3131 3132 3133 3134 3136 3137 3139 3141 3142 3144 3146 3148 3149 3150 3151 3152 3153 3154 3155 3157 3158 3159 3160 3161 3162 3163 3164 3165 3166 3167 3168 3169 3170 3171 3172 3173 3174 3175 3176 3177 3178 3179 3180 3181 3182 3183 3184 3186 3187 3188 3189 3191 3192 3193 3194 3195 3196 3197 3198 3199 3200 3201 3202 3203 3204 3205 3206 3207 3208 3209 3210 3211 3212 3213 3214 3215 3216 3217 3218 3219 3220 3221 3222 3223 3224 3225 3226 3227 3228 3229 3230 3231 3232 3233 3234 3236 3237 3238 3239 3240 3241 3242 3243 3244 3245 3248 3251 3280 3281 3282 3283 3284 3285 3287 3288 3289 3290 3293 3294 3296
chanzuckerberg/idseq-web 10 1120
chanzuckerberg/idseq-web 15 562
chanzuckerberg/idseq-web 16 583
chanzuckerberg/idseq-web 18 845
chanzuckerberg/idseq-web 28 1341
chanzuckerberg/idseq-web 52 639
chanzuckerberg/idseq-web 85 1675
chanzuckerberg/idseq-web 87 1687
chanzuckerberg/idseq-web 91 1698
chanzuckerberg/idseq-web 104 1783 2728
chanzuckerberg/idseq-web 130 2058
chanzuckerberg/idseq-web 171 2432
chanzuckerberg/idseq-web 172 174 177 2427 2429 2440
chanzuckerberg/idseq-web 176 1266
chanzuckerberg/idseq-web 178 2481
chanzuckerberg/idseq-web 202 204
chanzuckerberg/idseq-web 205 1308
chanzuckerberg/idseq-web 216 1318 1331
chanzuckerberg/idseq-web 226 227 229
chanzuckerberg/idseq-web 243 3003
chanzuckerberg/idseq-web 266 269
chanzuckerberg/idseq-web 308 313
chanzuckerberg/idseq-web 342 343
chanzuckerberg/idseq-web 367 371
chanzuckerberg/idseq-web 408 412
chanzuckerberg/idseq-web 484 490
chanzuckerberg/idseq-web 721 722 723
chanzuckerberg/idseq-web 730 788
chanzuckerberg/idseq-web 1187 1188
chanzuckerberg/idseq-web 1271 1274
chanzuckerberg/idseq-web 1283 1284
chanzuckerberg/idseq-web 1588 2585
chanzuckerberg/idseq-web 1601 1602
chanzuckerberg/idseq-web 1678 2807
chanzuckerberg/idseq-web 1878 1881
chanzuckerberg/idseq-web 1882 1965
chanzuckerberg/idseq-web 1951 1960
chanzuckerberg/idseq-web 1952 1958
chanzuckerberg/idseq-web 1964 2606
chanzuckerberg/idseq-web 1976 1980
chanzuckerberg/idseq-web 1983 1988
chanzuckerberg/idseq-web 2014 2080
chanzuckerberg/idseq-web 2029 2037 2038
chanzuckerberg/idseq-web 2040 2092
chanzuckerberg/idseq-web 2087 2088
chanzuckerberg/idseq-web 2120 2121
chanzuckerberg/idseq-web 2219 2223 2237 2243
chanzuckerberg/idseq-web 2263 2265
chanzuckerberg/idseq-web 2285 2287 2304
chanzuckerberg/idseq-web 2291 2298
chanzuckerberg/idseq-web 2369 2370
chanzuckerberg/idseq-web 2375 2376
chanzuckerberg/idseq-web 2387 2392
chanzuckerberg/idseq-web 2404 2407 2413
chanzuckerberg/idseq-web 2419 2424 2425
chanzuckerberg/idseq-web 2441 2449 2450 2458
chanzuckerberg/idseq-web 2470 2490
chanzuckerberg/idseq-web 2513 2530
chanzuckerberg/idseq-web 2524 2526
chanzuckerberg/idseq-web 2538 2700
chanzuckerberg/idseq-web 2548 2588 2598
chanzuckerberg/idseq-web 2553 2576 2675 2676 2677 2686
chanzuckerberg/idseq-web 2604 2621
chanzuckerberg/idseq-web 2622 2623
chanzuckerberg/idseq-web 2714 2719 2724
chanzuckerberg/idseq-web 2717 2718
chanzuckerberg/idseq-web 2720 2721
chanzuckerberg/idseq-web 2722 2723
chanzuckerberg/idseq-web 2725 2726
chanzuckerberg/idseq-web 2731 2732 2733
chanzuckerberg/idseq-web 2748 2749
chanzuckerberg/idseq-web 2757 2894 2925 2926 2927 2928 2929 2930 2931 2932 2933 2934 2935 2936 2937 2938 2939 2940 2941 2942 2943 2944 2945 2946 2947 2948 2949 2951 2952 2953 2954 2955 2956 2957 2958 2960 2962 2963 2964 2965 2966 2967 2969 2970 2972 2973 2974 2975 2979
chanzuckerberg/idseq-web 2770 2771
chanzuckerberg/idseq-web 2773 2779
chanzuckerberg/idseq-web 2778 2780
chanzuckerberg/idseq-web 2784 2786
chanzuckerberg/idseq-web 2796 2798
chanzuckerberg/idseq-web 2834 2837 2840 2841 2842 2843 2844 2845 2846 2847 2850 2851 2852 2853 2854 2855 2856 2857 2858 2860 2861 2862 2863 2864 2865 2866 2867 2868 2869 2870 2871 2872 2873 2874 2875 2876 2877 2879 2880 2881 2882 2883 2885 2887 2888 2889 2890 2891 2892 2893
chanzuckerberg/idseq-web 2916 2917 2918
chanzuckerberg/idseq-web 2971 2976 2977 2978 2980 2981 2982 2983 2988
chanzuckerberg/idseq-web 3105 3135
chanzuckerberg/idseq-web 3120 3121 3122
chanzuckerberg/idseq-web 3246 3247 3253 3254 3255 3257 3258 3259 3260 3261 3262 3263 3264 3265 3266 3267 3268 3270 3272 3273 3274 3275 3276 3277 3278 3279
chanzuckerberg/idseq-web 3252 3291 3295 3297 3298 3299 3300 3301 3302 3303 3304 3306 3307 3308 3309 3310 3311 3313 3314 3315 3316 3317 3318 3319 3320 3321 3322 3323 3324 3325 3326 3327 3328 3329 3330 3333 3334 3336
chanzuckerberg/idseq-web 3331 3341 3343 3344 3345 3349
chanzuckerberg/idseq-web 3335 3337 3338 3339 3340
chanzuckerberg/idseq-web 3346 3348 3351
chanzuckerberg/idseq-web 3347 3356 3364 3365 3366 3367 3368 3371 3372 3373 3374 3377 3378 3379 3381 3382 3385 3388
chanzuckerberg/idseq-web 3350 3362
chanzuckerberg/idseq-web 3353 3354 3355 3357 3359 3360
chanzuckerberg/idseq-web 3358 3361 3363
