decidim/decidim 1 2 3 6 9 12 18 24 26 30 32 34 69 93 123 155 156 229 335 354 505 515 521 524 529 582 1123 1154 1205 1207 1312 1527 1532 1552 1554 1555 1605 1621 1624 1626 1629 1646 1647 1648 1649 1745 1842 1845 1850 1851 1866 1873 1876 1883 1921 1924 1931 1938 1939 1941 1949 1951 1958 1967 1968 1972 1977 1978 1980 1986 1994 2001 2005 2016 2019 2024 2028 2031 2045 2084 2091 2092 2093 2110 2119 2121 2122 2147 2156 2157 2184 2190 2192 2193 2194 2197 2199 2201 2208 2209 2239 2241 2254 2257 2258 2296 2343 2360 2363 2372 2391 2401 2402 2405 2417 2421 2427 2429 2430 2434 2437 2439 2511 2518 2521 2534 2556 2557 2564 2571 2580 2583 2584 2586 2587 2684 2710 2711 2733 2738 2749 2751 2800 2864 2889 2897 2900 2983 2985 2991 3022 3042 3109 3213 3224 3238 3256 3290 3291 3293 3306 3310 3313 3362 3448 3468 3470 3477 3483 3488 3519 3530 3532 3548 3557 3559 3590 3654 3684 3714 3721 3722 3730 3732 3733 3734 3735 3736 3744 3748 3754 3755 3756 3770 3775 3780 3782 3788 3789 3794 3795 3806 3817 3819 3934 3939 3944 3964 3999 4034 4052 4429 4460 4578 4580 4585 4592 4597 4600 4601 4603 4608 4762 4842 4858 4897 4928 4929 4986 5002 5004 5011 5038 5039 5044 5109 5116 5303 5305 5306 5307 5444 5530 5542 5553 5561 5564 5579 5616 5617 5636 5640 5643 5644 5646 5649 5654 5664 5668 5691 5703 5704 5720 5743 5749 5751 5759 5765 5768 5770 5786 5792 5798 5809 5812 5813 5815 5819 5822 5835 5843 5844 5847 5856 5859 5861 5863 5865 5866 5874 5876 5880 5883 5885 5887 5888 5894 5898 5901 5909 5910 5924 5925 5931 5932 5933 5934 5935 5941 5944 5945 5947 5948 5949 5950 5953 5954 5965 5991 5992 5993 5995 5998 6000 6001 6006 6009 6010 6013 6031 6036 6040 6062 6068 6086 6090 6094 6095 6096 6099 6101 6108 6110 6111 6118 6119 6120 6121 6127 6128 6135 6137 6140 6145 6155 6157 6176 6179 6223 6240 6241 6255 6257 6268 6269 6271 6274 6276 6278 6283 6285
decidim/decidim 4 2008
decidim/decidim 5 82 83 85 86 516 518 589 593 595 596 609 621 638 673 1135 2604 2618 2754 2756 2808 2834 2851 3061 3438 3638 3642 3645 4108 4591 4624 4680 4706 4712 4717 4789 4830 4843 4875 4889 4893 4909 4924 4926 4938 4941 4943 4969 4976 4978 4980 4984 5005 5047 5082 5171 5172 5459 5462 5473 5475 6084
decidim/decidim 21 77 78 137 141 1075 1109 1308 1342 1364 1373 1386 1398 1399 1404 1410 1417 1418 1421 1430 3046 3055 3066 3075 3086 4295 5043 6016 6115
decidim/decidim 23 25 2373 5079 5080 5095 5102 6070
decidim/decidim 52 4979 5314 5341 5355 5362 5363 5367 5372 5373 5393 5401
decidim/decidim 60 144 145 146 984 992 1856 1897 1940 1962 1966 3952
decidim/decidim 63 3489 4223 4337 5342 5623 5660
decidim/decidim 64 66 1926 2435 2438 2480 3753 3804
decidim/decidim 65 1012 1299 1319 1372 2204 2451
decidim/decidim 73 6158 6159 6200 6265
decidim/decidim 75 381
decidim/decidim 88 799 800 801 804 5318
decidim/decidim 89 241 250 308 309 310 315 334 362 1001 1119 1156 1161 1169 1171 1173 1175 1176 1177 1178 1189 2879 2913 2987 3392 3394 3650 3655 3656 3657 3658 3659 6044 6097
decidim/decidim 90 1192 1193
decidim/decidim 92 1101 1115 1124 1130 1136 1138 1140 1141 1143 1148 1149 1155 1158 1182 1183 1200 1225
decidim/decidim 95 96 2465 2505 2672 2681
decidim/decidim 97 2379
decidim/decidim 109 845 888 897 1276
decidim/decidim 110 1261 1263 1284 1286 1288
decidim/decidim 119 124 147 152 154 601 977 1407 1409 1500 1525 1633 1659 1669 1673 1683 1697 1711 1712 1713 1724 1727 1728 1740 1742 1746 1749 1753 1756 1906 1907 1909 1912 2720 2729 2731 2827 3716
decidim/decidim 140 187
decidim/decidim 150 2020
decidim/decidim 157 1305 1321 1322 2330 2359 2371 2409 2418 2432
decidim/decidim 159 2585 2831 2835
decidim/decidim 166 1775
decidim/decidim 171 2331 2466 2697
decidim/decidim 172 2243 2245
decidim/decidim 175 202 2433
decidim/decidim 176 2394
decidim/decidim 177 3207 3210 3220
decidim/decidim 178 2667
decidim/decidim 180 3124 3177
decidim/decidim 190 222 223 225 227 231 4903
decidim/decidim 191 206
decidim/decidim 204 210 4012
decidim/decidim 205 287 4013
decidim/decidim 209 4016
decidim/decidim 262 297
decidim/decidim 283 286 304 318 5854
decidim/decidim 288 5698
decidim/decidim 300 4904
decidim/decidim 313 4293
decidim/decidim 319 6232 6242 6243 6245 6249 6250 6267
decidim/decidim 345 346 348 351 3792
decidim/decidim 349 352
decidim/decidim 371 388
decidim/decidim 374 3217
decidim/decidim 399 403 474
decidim/decidim 433 6011
decidim/decidim 440 451
decidim/decidim 457 4892
decidim/decidim 479 495 522
decidim/decidim 482 507
decidim/decidim 485 498 531
decidim/decidim 502 506
decidim/decidim 525 547 4973 4974
decidim/decidim 539 541
decidim/decidim 545 562
decidim/decidim 548 4719 5346
decidim/decidim 560 569
decidim/decidim 584 627 631
decidim/decidim 598 600
decidim/decidim 599 629
decidim/decidim 634 646
decidim/decidim 644 645
decidim/decidim 669 671 4698 5260 5261 5627
decidim/decidim 677 692
decidim/decidim 688 690 5037 5146 5147 5150 5151
decidim/decidim 730 781
decidim/decidim 772 5140 5149 5178 5185 5186 5223 5242 5244 5263 5269 5300 5312 5329 5343 5458
decidim/decidim 779 945
decidim/decidim 786 788
decidim/decidim 878 5270 5317 5574
decidim/decidim 968 981 2303 2304
decidim/decidim 990 1081
decidim/decidim 999 1015
decidim/decidim 1059 1061
decidim/decidim 1099 1100 1122
decidim/decidim 1108 1114
decidim/decidim 1194 1215
decidim/decidim 1237 1241
decidim/decidim 1252 1688
decidim/decidim 1253 1474
decidim/decidim 1268 1382
decidim/decidim 1269 1542 1569
decidim/decidim 1287 1326 1327 1339
decidim/decidim 1290 1306 1314 1315 1316 1352
decidim/decidim 1291 1295
decidim/decidim 1307 1325
decidim/decidim 1330 1388 1390
decidim/decidim 1332 1406 1792
decidim/decidim 1345 1381
decidim/decidim 1365 1367
decidim/decidim 1377 1378 1471
decidim/decidim 1392 1401 1416
decidim/decidim 1423 1425 1446 1451 1456 1457 1458 1468
decidim/decidim 1427 1429
decidim/decidim 1496 1529
decidim/decidim 1524 1541
decidim/decidim 1526 2221 2384
decidim/decidim 1530 2231 2253 2299
decidim/decidim 1535 1744
decidim/decidim 1553 1611
decidim/decidim 1577 1644
decidim/decidim 1590 1594
decidim/decidim 1603 2054 2818
decidim/decidim 1630 1635 1636
decidim/decidim 1654 1664
decidim/decidim 1676 1680
decidim/decidim 1695 1784 1785 1786 1788 1795 1805 1809 1812 1862
decidim/decidim 1714 1729
decidim/decidim 1716 1762 1765
decidim/decidim 1741 1761
decidim/decidim 1780 1781
decidim/decidim 1836 1837 1838 1839
decidim/decidim 1868 1891 1923 1927
decidim/decidim 1882 1887 1889
decidim/decidim 1886 1899
decidim/decidim 1904 2038
decidim/decidim 1910 2018
decidim/decidim 1918 1929 1934 1935 1937 1954
decidim/decidim 2047 2049 2052 2063
decidim/decidim 2053 2072 2077
decidim/decidim 2074 2090
decidim/decidim 2114 2162
decidim/decidim 2128 3894
decidim/decidim 2132 2133
decidim/decidim 2148 2158
decidim/decidim 2149 2165 2166 2167 2168
decidim/decidim 2150 2152 2164 2170
decidim/decidim 2171 2295
decidim/decidim 2185 2425
decidim/decidim 2186 2206 2259 3874
decidim/decidim 2202 2203
decidim/decidim 2212 2217
decidim/decidim 2236 2313
decidim/decidim 2255 2306
decidim/decidim 2294 2298
decidim/decidim 2297 2302
decidim/decidim 2307 2309
decidim/decidim 2315 2318
decidim/decidim 2322 2323
decidim/decidim 2338 2353
decidim/decidim 2341 2352
decidim/decidim 2344 2345
decidim/decidim 2351 2354
decidim/decidim 2357 2381
decidim/decidim 2369 2370
decidim/decidim 2399 2428
decidim/decidim 2400 2411
decidim/decidim 2408 2410
decidim/decidim 2419 2490 5480 5503 5543 5656 5657 5671 5673 5674 5687 5750
decidim/decidim 2440 4184
decidim/decidim 2443 2444 2447 2449
decidim/decidim 2450 2461
decidim/decidim 2462 2478
decidim/decidim 2468 2530
decidim/decidim 2475 2516 2572 2575 2671
decidim/decidim 2483 2486 2488 2525
decidim/decidim 2489 2497
decidim/decidim 2492 3275
decidim/decidim 2494 2529 4741
decidim/decidim 2502 2546
decidim/decidim 2506 2627 2670
decidim/decidim 2510 2579
decidim/decidim 2545 2614
decidim/decidim 2547 2548 2560
decidim/decidim 2549 2661 2668
decidim/decidim 2573 2574
decidim/decidim 2582 2777 2780
decidim/decidim 2619 2688
decidim/decidim 2628 2629
decidim/decidim 2639 2795
decidim/decidim 2645 2648
decidim/decidim 2653 2659
decidim/decidim 2655 2669
decidim/decidim 2680 2686
decidim/decidim 2682 2685
decidim/decidim 2687 2692
decidim/decidim 2690 2691
decidim/decidim 2693 3185 3219 3235
decidim/decidim 2696 4102
decidim/decidim 2701 3297 3299 3527
decidim/decidim 2704 2747
decidim/decidim 2713 2824 2942 3203 3436 5897
decidim/decidim 2715 2739
decidim/decidim 2717 2730
decidim/decidim 2734 2787 2788
decidim/decidim 2742 2743 2746 2752 2753 2768 4324
decidim/decidim 2750 2859 2915 2945 3336 3349 3350
decidim/decidim 2758 2784
decidim/decidim 2767 2773 2774
decidim/decidim 2769 2796
decidim/decidim 2779 3265
decidim/decidim 2783 2789
decidim/decidim 2803 2846
decidim/decidim 2814 2820
decidim/decidim 2850 2878
decidim/decidim 2863 3092 3096
decidim/decidim 2866 2875
decidim/decidim 2867 2880
decidim/decidim 2871 2899 2901
decidim/decidim 2873 2885
decidim/decidim 2887 3263
decidim/decidim 2890 2932
decidim/decidim 2895 2920
decidim/decidim 2896 2916
decidim/decidim 2902 2906
decidim/decidim 2909 2927
decidim/decidim 2912 2921
decidim/decidim 2925 2926
decidim/decidim 2929 3390 4128
decidim/decidim 2931 2940
decidim/decidim 2933 3020 3021
decidim/decidim 2947 2972
decidim/decidim 2950 2951
decidim/decidim 2954 2957
decidim/decidim 2955 2982
decidim/decidim 2958 2960
decidim/decidim 2959 2962
decidim/decidim 2963 3010
decidim/decidim 2970 2973
decidim/decidim 2994 2995 3000 3001 3009 3017 3366
decidim/decidim 2998 2999
decidim/decidim 3005 3012
decidim/decidim 3008 3029 3080 3105 3108 3113 3114 3116 3119 3122 3125 3127 3136 3137 3150 3194 3221 3222 3225 3226 3231 3232 3236 3259 3261 3266 3267 3300 3301 3302 3304 3323 3338 3345 3361 3364 3371 3375 3381 3382 3383 3387 3393 3395 3405 3412 3413 3415 3417 3429 3434 3441 3444 3454 3461 3475 3478 3487 3523 3551 3666 3683 3704 3757 3772 3957 3960 4369
decidim/decidim 3057 3215
decidim/decidim 3059 3063
decidim/decidim 3065 3098
decidim/decidim 3071 3078
decidim/decidim 3072 3081
decidim/decidim 3087 3089 3091 3133 3134 3145 3146 3147 3148 3164
decidim/decidim 3088 3090
decidim/decidim 3102 3103
decidim/decidim 3106 3130
decidim/decidim 3111 3112
decidim/decidim 3115 3117
decidim/decidim 3174 3254
decidim/decidim 3175 3198 3199 3200 3227
decidim/decidim 3180 3182
decidim/decidim 3186 3196 3197
decidim/decidim 3234 3237
decidim/decidim 3242 3244 3245
decidim/decidim 3243 3253
decidim/decidim 3262 3307
decidim/decidim 3272 3273 3289
decidim/decidim 3277 3279
decidim/decidim 3287 3288
decidim/decidim 3325 3332
decidim/decidim 3344 4334 4335
decidim/decidim 3373 3402
decidim/decidim 3403 3407
decidim/decidim 3404 3406
decidim/decidim 3430 3433
decidim/decidim 3443 3491 3494 3526 3846 3882 3899 3902 3911 5507
decidim/decidim 3445 3460
decidim/decidim 3463 3496 3514
decidim/decidim 3493 3497
decidim/decidim 3518 3525
decidim/decidim 3536 3832 3889
decidim/decidim 3563 3572
decidim/decidim 3593 4430 4434
decidim/decidim 3600 3601
decidim/decidim 3603 3781 3839 3941 3948 3950 3968 4061 4121 4152 4381 4384 4476 4482 4549 4552 4561
decidim/decidim 3610 3612 3614 3619
decidim/decidim 3618 3628
decidim/decidim 3662 3810 3958 3971 3985 3986 4494 4537 4567 4586 4588 4598 4617 4618 4686 4828 4836
decidim/decidim 3669 3728 4502
decidim/decidim 3676 4372 4420 4445 4455 4467 4468 4475 4478 4538
decidim/decidim 3706 3707
decidim/decidim 3720 3723
decidim/decidim 3724 3932 5315
decidim/decidim 3776 3970
decidim/decidim 3818 4049
decidim/decidim 3820 3876 4001
decidim/decidim 3830 3838 3847
decidim/decidim 3861 3981
decidim/decidim 3867 3868 3869
decidim/decidim 3877 4419 4589
decidim/decidim 3881 3895
decidim/decidim 3892 4046
decidim/decidim 3897 4315
decidim/decidim 3943 3946 4130 4413 4414
decidim/decidim 3949 4229 4294 4302 4316
decidim/decidim 3951 3953 4138
decidim/decidim 3959 4080 4081 4107 4268 4272 4278 4483 4484 4535 4547 4623 4625
decidim/decidim 3987 4398 4399
decidim/decidim 3989 3990 3993
decidim/decidim 3998 4000 4002
decidim/decidim 4022 4371
decidim/decidim 4033 4043 4333 4351 4362
decidim/decidim 4082 4481
decidim/decidim 4084 4100
decidim/decidim 4089 4160 4163
decidim/decidim 4103 4164
decidim/decidim 4124 4125 4127
decidim/decidim 4139 4143 4203
decidim/decidim 4144 4320
decidim/decidim 4150 4364 4390 4395
decidim/decidim 4155 4158
decidim/decidim 4177 4179
decidim/decidim 4189 4190
decidim/decidim 4194 4271
decidim/decidim 4196 4391 4392
decidim/decidim 4236 4252
decidim/decidim 4249 4681 4735
decidim/decidim 4256 5262
decidim/decidim 4279 4495 4496
decidim/decidim 4282 4323 4377 4387 4394
decidim/decidim 4308 4310 4311
decidim/decidim 4317 5087 5209 5210
decidim/decidim 4318 4534
decidim/decidim 4340 4341
decidim/decidim 4360 4415 4442
decidim/decidim 4363 4379
decidim/decidim 4380 4383
decidim/decidim 4401 4409
decidim/decidim 4416 4787
decidim/decidim 4428 4440
decidim/decidim 4431 4433
decidim/decidim 4437 4438
decidim/decidim 4456 4517
decidim/decidim 4463 4518 4531
decidim/decidim 4470 4505
decidim/decidim 4472 4474
decidim/decidim 4473 4548 4554 4562
decidim/decidim 4497 4504
decidim/decidim 4506 4525
decidim/decidim 4524 4961 4975 4977
decidim/decidim 4557 4558
decidim/decidim 4570 4574
decidim/decidim 4573 4602
decidim/decidim 4595 5364
decidim/decidim 4621 4679
decidim/decidim 4627 4645
decidim/decidim 4636 5111
decidim/decidim 4663 5001
decidim/decidim 4668 4688
decidim/decidim 4690 4716
decidim/decidim 4702 4703
decidim/decidim 4708 4721 4726 4730 4731
decidim/decidim 4718 4847 4852 4855
decidim/decidim 4722 4882 4910 4940 4967
decidim/decidim 4728 4729 4739
decidim/decidim 4733 4736
decidim/decidim 4742 4743
decidim/decidim 4744 4745 4746
decidim/decidim 4761 4780 4782 4788 4790 4791 4801
decidim/decidim 4777 4778
decidim/decidim 4802 4809 5272
decidim/decidim 4810 4954 5081
decidim/decidim 4811 4815
decidim/decidim 4821 4824
decidim/decidim 4884 4887
decidim/decidim 4920 4921
decidim/decidim 4949 4950
decidim/decidim 4955 4956
decidim/decidim 4962 4964
decidim/decidim 4991 4996 6156
decidim/decidim 5022 5023
decidim/decidim 5041 5050 5216 5234
decidim/decidim 5048 5110
decidim/decidim 5052 5275 5283
decidim/decidim 5054 5211
decidim/decidim 5060 5061
decidim/decidim 5068 5386
decidim/decidim 5069 5133 5599 5653 5814 6160
decidim/decidim 5071 5078
decidim/decidim 5107 5108
decidim/decidim 5134 5165 5179 5180
decidim/decidim 5168 5169 5193 5194
decidim/decidim 5181 5337
decidim/decidim 5206 5233 5247 5248
decidim/decidim 5250 5264
decidim/decidim 5266 5313
decidim/decidim 5267 5277
decidim/decidim 5278 5289
decidim/decidim 5284 5287
decidim/decidim 5299 5658
decidim/decidim 5347 5360
decidim/decidim 5356 5387
decidim/decidim 5378 5380 5390 5415 5417 5422 5424 5596
decidim/decidim 5383 5482
decidim/decidim 5391 5857 6085
decidim/decidim 5439 5442
decidim/decidim 5468 5522
decidim/decidim 5472 5483 5484
decidim/decidim 5488 5613 5705 5753
decidim/decidim 5495 5554
decidim/decidim 5500 6143
decidim/decidim 5506 5514
decidim/decidim 5510 5511
decidim/decidim 5513 5517
decidim/decidim 5516 5760 6041 6042 6081
decidim/decidim 5533 5566 5823
decidim/decidim 5537 5563 5569 5570 5571 5583 5584 5585
decidim/decidim 5555 6258 6289
decidim/decidim 5568 6144
decidim/decidim 5582 5586 5693
decidim/decidim 5592 5593 5685
decidim/decidim 5607 6088 6112
decidim/decidim 5641 5647 5655 5662 6193
decidim/decidim 5672 5739 5742 5846 5848
decidim/decidim 5684 6124 6161 6180 6195 6253
decidim/decidim 5688 5694 5741 5744 5940
decidim/decidim 5695 5696
decidim/decidim 5740 5803
decidim/decidim 5745 6210
decidim/decidim 5774 5802
decidim/decidim 5788 5795
decidim/decidim 5793 5937 5939
decidim/decidim 5810 5832 5833
decidim/decidim 5852 5853
decidim/decidim 5964 6017
decidim/decidim 6037 6043 6047 6061 6073 6076 6080 6083 6109
decidim/decidim 6060 6072
decidim/decidim 6079 6114
decidim/decidim 6082 6146 6147
decidim/decidim 6098 6261
decidim/decidim 6122 6125
decidim/decidim 6148 6149
decidim/decidim 6152 6218 6293
decidim/decidim 6197 6244
decidim/decidim 6211 6231 6238 6239
decidim/decidim 6212 6234
decidim/decidim 6222 6226
decidim/decidim 6299 6301
