Azure/azure-sdk-for-java 5 6 7 4339
Azure/azure-sdk-for-java 23 1957
Azure/azure-sdk-for-java 25 1185
Azure/azure-sdk-for-java 27 28 29 30 31 32 33 975 9723
Azure/azure-sdk-for-java 34 973
Azure/azure-sdk-for-java 36 979
Azure/azure-sdk-for-java 38 970
Azure/azure-sdk-for-java 39 983
Azure/azure-sdk-for-java 40 42 1002 1008
Azure/azure-sdk-for-java 44 1015 3075
Azure/azure-sdk-for-java 46 1021
Azure/azure-sdk-for-java 48 1025
Azure/azure-sdk-for-java 49 1026
Azure/azure-sdk-for-java 55 1055
Azure/azure-sdk-for-java 57 1054
Azure/azure-sdk-for-java 59 1065
Azure/azure-sdk-for-java 60 1057
Azure/azure-sdk-for-java 61 1067
Azure/azure-sdk-for-java 63 1071 1096
Azure/azure-sdk-for-java 64 1072
Azure/azure-sdk-for-java 65 1073
Azure/azure-sdk-for-java 66 1074 1945
Azure/azure-sdk-for-java 67 1076
Azure/azure-sdk-for-java 69 1066
Azure/azure-sdk-for-java 71 1081
Azure/azure-sdk-for-java 90 1095 2199 2200 2309 2383 2392 2394 2407 2419 2512 2607 2643 2644 2705 2999 3017 3027 3148 3282 3291 3380 3612 3626 3630 3853 3856 3911 3945 3980 4148 4220 4483 4712 5422 5536 5542 5655 5905 6472
Azure/azure-sdk-for-java 92 1085 9555 11409 11410 11411 11412
Azure/azure-sdk-for-java 93 1097
Azure/azure-sdk-for-java 97 1100
Azure/azure-sdk-for-java 98 1094
Azure/azure-sdk-for-java 100 101 103 1101 1106
Azure/azure-sdk-for-java 104 1102
Azure/azure-sdk-for-java 139 1444
Azure/azure-sdk-for-java 145 146
Azure/azure-sdk-for-java 149 8025 8241
Azure/azure-sdk-for-java 155 1787
Azure/azure-sdk-for-java 178 5560 5633
Azure/azure-sdk-for-java 288 289 296 2127 2137 2139 2248 2302 2367 2398 2405 2424 2432 2524 2706 2826 2980 2993 3103 3194 3211 3251 3285 3295 3403 3468 3586 3921 3929 3936 3979 3989 3990 3997 4115 4164 4717 4987 5103 5292 5378 5462 5477 6158 6201 6218 6242 6251 6254 6360 7763
Azure/azure-sdk-for-java 290 6139 6271
Azure/azure-sdk-for-java 293 426 2112 2217 2221 2242 2343 2346 2347 2406 2527 2624 2698 2763 2797 2860 2992 3151 3207 3218 3224 3267 3298 3397 3408 3434 3458 3687 3710 3713 3720 3729 3730 3733 3735 3940 3993 4081 4172 4183 4355 4698 4818 5069 5290 5481 5544 5546 5698 5727 6010 6035 6041 6050 6052 6054 6059 6303 6309 6324 6352 6434 6445 6519 6554 6556 7599 8016
Azure/azure-sdk-for-java 299 2116 2117 2130 2138 2351 2376 2381 2385 2451 2552 2562 2715 2744 2768 2786 2787 2801 2811 2825 2836 2890 2920 2988 3273 3275 3762 3832 3839 3876 4257 4731 4783 4892 4929 4947 5025 5148
Azure/azure-sdk-for-java 303 327
Azure/azure-sdk-for-java 343 3411
Azure/azure-sdk-for-java 364 8685
Azure/azure-sdk-for-java 485 4380
Azure/azure-sdk-for-java 530 540
Azure/azure-sdk-for-java 549 10591
Azure/azure-sdk-for-java 562 9624
Azure/azure-sdk-for-java 589 10822 11142
Azure/azure-sdk-for-java 591 10485
Azure/azure-sdk-for-java 654 9765 11426
Azure/azure-sdk-for-java 756 761
Azure/azure-sdk-for-java 757 771
Azure/azure-sdk-for-java 785 788
Azure/azure-sdk-for-java 842 6693
Azure/azure-sdk-for-java 897 900 901
Azure/azure-sdk-for-java 905 906
Azure/azure-sdk-for-java 910 916 11979
Azure/azure-sdk-for-java 945 11302
Azure/azure-sdk-for-java 1004 8031 9613 9757
Azure/azure-sdk-for-java 1038 8858
Azure/azure-sdk-for-java 1090 1140 1178 1235 1236 1249 10770
Azure/azure-sdk-for-java 1109 1121
Azure/azure-sdk-for-java 1111 9749 10492
Azure/azure-sdk-for-java 1151 3288 3319 3327 5696
Azure/azure-sdk-for-java 1187 11205
Azure/azure-sdk-for-java 1203 11813
Azure/azure-sdk-for-java 1205 8056
Azure/azure-sdk-for-java 1226 1234
Azure/azure-sdk-for-java 1237 1238
Azure/azure-sdk-for-java 1244 1491
Azure/azure-sdk-for-java 1257 1288
Azure/azure-sdk-for-java 1258 1262
Azure/azure-sdk-for-java 1297 1300 1305
Azure/azure-sdk-for-java 1298 1301
Azure/azure-sdk-for-java 1346 11300
Azure/azure-sdk-for-java 1481 1504
Azure/azure-sdk-for-java 1565 1596 3025 3059 3110 5319
Azure/azure-sdk-for-java 1647 1786
Azure/azure-sdk-for-java 1654 1657
Azure/azure-sdk-for-java 1674 1675 2769 2775 2781 2788 2848 3001 3002 3186 3235 4582 4893 4922 5042
Azure/azure-sdk-for-java 1758 3443
Azure/azure-sdk-for-java 1772 1785 3574
Azure/azure-sdk-for-java 1773 1814
Azure/azure-sdk-for-java 1790 1795 1799
Azure/azure-sdk-for-java 1870 2476 2528 2529 3583 3584 3928 4102 4173 5882 6447
Azure/azure-sdk-for-java 1933 1934
Azure/azure-sdk-for-java 2103 2104 3233
Azure/azure-sdk-for-java 2107 2108
Azure/azure-sdk-for-java 2109 3250 3266 3553 5870
Azure/azure-sdk-for-java 2111 2132 3261
Azure/azure-sdk-for-java 2113 2314 3619
Azure/azure-sdk-for-java 2114 2115 2118 2123 2126 2129 2135 2136 2141 2142 2151 2152 2153 2154 2155 2156 2159 2160 2164 2165 2167 2171 2173 2175 2176 2179 2183 2208 2212 2213 2215 2218 2222 2223 2228 2231 2232 2234 2236 2237 2238 2239 2241 2243 2244 2245 2250 2252 2253 2257 2259 2262 2263 2265 2268 2277 2278 2280 2287 2291 2292 2293 2294 2298 2301 2303 2304 2305 2310 2311 2312 2315 2316 2317 2318 2319 2320 2321 2322 2323 2324 2326 2329 2330 2332 2333 2335 2336 2340 2344 2349 2352 2356 2359 2362 2364 2365 2366 2368 2371 2372 2373 2380 2384 2387 2388 2396 2400 2402 2409 2411 2417 2420 2421 2422 2427 2428 2429 2430 2435 2436 2437 2438 2443 2447 2449 2452 2455 2456 2459 2460 2463 2478 2479 2480 2481 2482 2485 2500 2522 2534 2535 2538 2539 2541 2543 2549 2555 2556 2557 2559 2563 2566 2571 2572 2574 2575 2576 2577 2579 2583 2584 2585 2590 2591 2592 2593 2594 2595 2599 2600 2601 2602 2603 2606 2610 2614 2616 2617 2620 2621 2622 2626 2631 2632 2633 2635 2637 2639 2640 2642 2647 2648 2649 2653 2654 2656 2657 2663 2664 2666 2669 2670 2672 2673 2674 2675 2677 2678 2679 2680 2683 2684 2685 2689 2690 2702 2704 2710 2711 2718 2719 2721 2722 2723 2724 2725 2726 2734 2735 2739 2740 2741 2742 2743 2745 2747 2748 2749 2750 2754 2761 2770 2789 2795 2796 2798 2799 2800 2802 2803 2813 2815 2817 2818 2820 2821 2824 2827 2828 2829 2830 2831 2833 2839 2840 2842 2844 2850 2855 2856 2857 2858 2878 2885 2892 2899 2902 2905 2916 2918 2978 2979 2987 2989 2990 3004 3008 3026 3028 3038 3048 3084 3092 3094 3097 3109 3119 3155 3165 3167 3176 3177 3190 3195 3202 3204 3206 3252 3276 3294 3315 3317 3318 3329 3331 3335 3339 3345 3356 3369 3381 3387 3390 3409 3414 3415 3423 3424 3425 3426 3432 3433 3438 3440 3444 3450 3452 3459 3462 3467 3470 3472 3477 3483 3486 3493 3494 3499 3517 3521 3522 3524 3547 3556 3572 3587 3589 3592 3596 3597 3613 3617 3623 3628 3629 3631 3635 3642 3647 3649 3660 3662 3667 3668 3679 3686 3692 3702 3703 3718 3731 3754 3767 3774 3775 3827 3828 3835 3917 3927 3935 3958 3974 3975 3976 3983 3984 3985 3988 3991 3998 4000 4001 4005 4006 4007 4010 4021 4025 4026 4028 4029 4036 4049 4050 4054 4063 4064 4065 4070 4074 4079 4087 4095 4103 4107 4108 4109 4162 4202 4227 4242 4249 4250 4274 4290 4291 4332 4335 4337 4341 4351 4359 4373 4375 4383 4386 4389 4410 4413 4421 4422 4423 4424 4439 4441 4445 4455 4462 4469 4479 4480 4482 4485 4487 4489 4491 4500 4502 4520 4529 4535 4536 4549 4552 4553 4563 4564 4566 4571 4573 4588 4590 4591 4592 4593 4594 4595 4596 4603 4604 4605 4606 4607 4613 4614 4615 4616 4619 4620 4621 4627 4628 4629 4630 4632 4633 4634 4635 4636 4637 4638 4639 4640 4641 4642 4643 4647 4648 4649 4650 4651 4652 4658 4659 4660 4661 4662 4673 4676 4679 4680 4681 4699 4700 4710 4724 4726 4734 4735 4738 4739 4746 4748 4749 4750 4756 4758 4759 4760 4769 4771 4778 4779 4780 4781 4782 4787 4790 4798 4799 4800 4801 4816 4820 4834 4854 4862 4895 4918 4919 4926 4927 4938 4940 4965 4982 4983 4986 4998 5005 5006 5007 5008 5009 5010 5019 5022 5032 5035 5037 5038 5060 5061 5091 5105 5119 5121 5159 5176 5186 5232 5264 5276 5278 5288 5291 5297 5321 5332 5347 5390 5430 5443 5463 5468 5543 5658 5666 5701 5729 5730 5752 5769 5834 5848 5855 5861 5899 5908 5919 5943 5949 5957 5963 5983 5987 6014 6022 6068 6196 6244 6278 6312 6333 6365 6373 6381 6389 6396 6400 6409 6422 6423 6427 6428 6431 6448 6514 6538 6544 6548 6550 6560 6567 6571 6572 6587 6601 6617 6631 6638 6642 6659 6663 6672 6673 6683 6687 6723 6734 6737 6738 6739 6740 6741 6745 6753 6756 6761 6762 6763 6782 6783 6784 6785 6819 6820 6821 6822 6824 6825 6829 6830 6831 6832 6833 6857 6858 6859 6865 6866 6867 6868 6869 6878 6890 6891 6892 6893 6894 6895 6896 6897 6898 6925 6934 6968 6969 6970 6983 6984 6985 7015 7016 7017 7030 7031 7032 7033 7034 7035 7036 7037 7038 7131 7132 7133 7134 7135 7268 7312 7493 7494 7589 7780 7781 7782 7783 7784 7785 7793 7861 7862 7863 7877 7878 7879 7880 7881 7882 7883 7884 7885 7886 7887 7888 7889 7890 7891 7892 7893 7894 7895 7898 7899 7926 7927 7928 7929 7930 7941 7942 7943 7944 7945 7946 7947 7948 7949 7950 7951 7952 7953 7954 7955 7956 7957 7958 7965 7996 7998 7999 8000 8023 8024 8030 8045 8068 8069 8070 8071 8072 8099 8194 8195 8196 8197 8198 8199 8236 8237 8238 8239 8248 8249 8250 8251 8252 8253 8254 8255 8256 8257 8258 8259 8260 8261 8262 8263 8264 8265 8310 8311 8312 8313 8314 8315 8316 8317 8318 8319 8320 8321 8322 8323 8324 8325 8326 8327 8359 8360 8361 8362 8387 8388 8389 8390 8400 8420 8428 8429 8530 8531 8532 8533 8775 8776 8777 8778 8779 8780 8781 8782 8783 8894 8895 9153 9155 9157 9158 9307 9308 9309 9310 9346 9347 9348 9349 9350 9351 9352 9437 9438 9439 9440 9441 9442 10541 10542 10543 10544 10545 10546 10547 10548 10549 10550 10551 10552 10553 10554 10555 10556 10557 10558 10795 10796 10943 10944 10945 10946 10947 10949 10950 10951 10952 10953 10954 10955 10956 10959 11280 11281 11282 11283 11284 11285 11286 11287 11288 11289 11290 11291 11292 11293 11294 11295 11296 11297 11298
Azure/azure-sdk-for-java 2119 2120 3259
Azure/azure-sdk-for-java 2122 2131 3248 3258
Azure/azure-sdk-for-java 2124 2169 2190 2194 2286 2342 2377 2378 2395 2410 2415 2467 2514 2604 2630 2688 2732 2751 2760 3227 3279 3280 3281 3283 3337 3461 3520 3568 3590 3595 3688 3738 3841 3844 3912 3954 4012 4034 4055 4090 4151 4158 4241 4393 4668 4672 4711 4755 4831 5488 5529 5533 5737 5757 5860 5878 5889 5893 5897 6011 6417 6599 6775 6776 6777 6778 6779 7000 7001 7002 7003 7810 7811 7812 7813 7814 7815 7816 7817 7818 7819 7820 7821 7822 7823 7824 7825 7826 7827 8244 8834 8835 8866
Azure/azure-sdk-for-java 2125 2187 3245 3284
Azure/azure-sdk-for-java 2128 2325 2339 2707 3216 3644 4718 5714
Azure/azure-sdk-for-java 2133 2134 2246 2433 2434 3289 3430 3453 3463 4018 4019 5738
Azure/azure-sdk-for-java 2140 3299
Azure/azure-sdk-for-java 2143 2146 2148 2150 3313
Azure/azure-sdk-for-java 2157 2162 2645 3328
Azure/azure-sdk-for-java 2161 3332
Azure/azure-sdk-for-java 2170 3342
Azure/azure-sdk-for-java 2177 2178 2189 2206 2267 2374 2418 2423 2446 2545 2553 2641 2691 2692 2693 2694 2780 3354 3792 3830 4538 4682 4683 4684 4685 4686 4687 4688 4689 4690 4691 6780
Azure/azure-sdk-for-java 2180 2181 2182 2712 3355 4727 4785
Azure/azure-sdk-for-java 2186 2203 3361
Azure/azure-sdk-for-java 2191 2227 2703 3370 3384 4709
Azure/azure-sdk-for-java 2192 2193 3374
Azure/azure-sdk-for-java 2195 2205 3286 3377
Azure/azure-sdk-for-java 2196 2201 2202 3378
Azure/azure-sdk-for-java 2197 3162
Azure/azure-sdk-for-java 2204 3383 4775
Azure/azure-sdk-for-java 2209 2230 2793 2794 3427 4896 4917
Azure/azure-sdk-for-java 2210 3389
Azure/azure-sdk-for-java 2219 3399
Azure/azure-sdk-for-java 2224 2273 2699 4701 4721
Azure/azure-sdk-for-java 2225 2226 3419
Azure/azure-sdk-for-java 2235 3436
Azure/azure-sdk-for-java 2247 2256 3466
Azure/azure-sdk-for-java 2249 3469
Azure/azure-sdk-for-java 2260 2270 2289 2759 2864 2879 3490 4828 5094
Azure/azure-sdk-for-java 2261 2272 2537 2636 3491 4338
Azure/azure-sdk-for-java 2269 2300 2667 4608 4609 4611 4612 6735
Azure/azure-sdk-for-java 2274 2299
Azure/azure-sdk-for-java 2275 3518
Azure/azure-sdk-for-java 2281 3541
Azure/azure-sdk-for-java 2295 2338 2354 2521 2542 2623 2695 2738 2746 3083 3166 4160 4348 4507 4693 4776
Azure/azure-sdk-for-java 2296 2297 2350 2696 2736 2810 2886 3570 4695 4773 5107
Azure/azure-sdk-for-java 2313 3618
Azure/azure-sdk-for-java 2328 3657 3658 5977
Azure/azure-sdk-for-java 2331 3663
Azure/azure-sdk-for-java 2341 2426
Azure/azure-sdk-for-java 2348 2361 2379 3737 3852
Azure/azure-sdk-for-java 2357 2369 2609 2615 3789 4488
Azure/azure-sdk-for-java 2375 3831
Azure/azure-sdk-for-java 2397 2401 2403 3942
Azure/azure-sdk-for-java 2413 2431 4015
Azure/azure-sdk-for-java 2444 2445 2554 2625 2687 4665
Azure/azure-sdk-for-java 2450 4052
Azure/azure-sdk-for-java 2457 4067
Azure/azure-sdk-for-java 2465 4080
Azure/azure-sdk-for-java 2466 4082
Azure/azure-sdk-for-java 2468 2469 4091
Azure/azure-sdk-for-java 2470 2472 4093
Azure/azure-sdk-for-java 2483 4113
Azure/azure-sdk-for-java 2484 4112
Azure/azure-sdk-for-java 2486 4121
Azure/azure-sdk-for-java 2487 4110
Azure/azure-sdk-for-java 2488 4122
Azure/azure-sdk-for-java 2489 2490 4124
Azure/azure-sdk-for-java 2491 2518 4125 4157 6462
Azure/azure-sdk-for-java 2494 3104 3120 3264 4086
Azure/azure-sdk-for-java 2495 4096
Azure/azure-sdk-for-java 2496 4111 4133 6451
Azure/azure-sdk-for-java 2497 2499 4134
Azure/azure-sdk-for-java 2498 2501 4135
Azure/azure-sdk-for-java 2509 4142
Azure/azure-sdk-for-java 2513 4149
Azure/azure-sdk-for-java 2515 4152
Azure/azure-sdk-for-java 2517 4155
Azure/azure-sdk-for-java 2519 2520 4159
Azure/azure-sdk-for-java 2523 4163
Azure/azure-sdk-for-java 2536 4330
Azure/azure-sdk-for-java 2540 4347
Azure/azure-sdk-for-java 2550 2551 2596 2697 2863 4449 4697
Azure/azure-sdk-for-java 2558 2618 2646 2681 4377 4646 4653
Azure/azure-sdk-for-java 2569 2570 4407
Azure/azure-sdk-for-java 2580 4418
Azure/azure-sdk-for-java 2581 4435
Azure/azure-sdk-for-java 2586 2587
Azure/azure-sdk-for-java 2608 4484
Azure/azure-sdk-for-java 2627 2628 2766 2913 4886 5154
Azure/azure-sdk-for-java 2671 4631
Azure/azure-sdk-for-java 2682 2730 4654
Azure/azure-sdk-for-java 2701 2708 4707
Azure/azure-sdk-for-java 2709 2729 4705 4722
Azure/azure-sdk-for-java 2713 2717 4729 4784
Azure/azure-sdk-for-java 2714 2720 4730 4732 6814 6815 6816 6817 7913
Azure/azure-sdk-for-java 2727 2733 4751
Azure/azure-sdk-for-java 2737 2752 2792 4626 4765
Azure/azure-sdk-for-java 2756 2807 3943
Azure/azure-sdk-for-java 2757 4825
Azure/azure-sdk-for-java 2765 2782 2784
Azure/azure-sdk-for-java 2767 2771 4888
Azure/azure-sdk-for-java 2816 2823
Azure/azure-sdk-for-java 2819 4984
Azure/azure-sdk-for-java 2832 5018
Azure/azure-sdk-for-java 2837 2838
Azure/azure-sdk-for-java 2865 2870 3052
Azure/azure-sdk-for-java 2869 2873 5078
Azure/azure-sdk-for-java 2872 5087
Azure/azure-sdk-for-java 2882 5104
Azure/azure-sdk-for-java 2888 2939
Azure/azure-sdk-for-java 2910 2911 2912 2919 5149 5151 5162
Azure/azure-sdk-for-java 2914 2917
Azure/azure-sdk-for-java 2921 3007 5164
Azure/azure-sdk-for-java 2935 5184
Azure/azure-sdk-for-java 2955 2957
Azure/azure-sdk-for-java 2981 5293
Azure/azure-sdk-for-java 2983 3214 3265
Azure/azure-sdk-for-java 2984 3122
Azure/azure-sdk-for-java 2985 2986 3222 5230
Azure/azure-sdk-for-java 2997 2998 5198
Azure/azure-sdk-for-java 3005 3039 3421 3627 3739 5314 5432 5931 6056
Azure/azure-sdk-for-java 3010 3098 3179 3225 3543 3555 4277 5480 5868
Azure/azure-sdk-for-java 3011 3015 3044 3128 3188
Azure/azure-sdk-for-java 3012 5317
Azure/azure-sdk-for-java 3018 3099 3101 3140 3152 3185 3554 5181 5425 5873
Azure/azure-sdk-for-java 3029 3089 3095 3102 5322 5376
Azure/azure-sdk-for-java 3031 3061 3340 3418 3645 5718 5952
Azure/azure-sdk-for-java 3032 3034
Azure/azure-sdk-for-java 3035 3037 4146 6471
Azure/azure-sdk-for-java 3041 3060
Azure/azure-sdk-for-java 3042 3043 3160 3305 3325 3417 5439 5549 5578 5717
Azure/azure-sdk-for-java 3047 3049 3074 3082 3086 3087 3346 4044 4100 5331 5363 5565 6407 6446
Azure/azure-sdk-for-java 3051 3125
Azure/azure-sdk-for-java 3066 5340
Azure/azure-sdk-for-java 3067 3093 3100 3105
Azure/azure-sdk-for-java 3069 3171
Azure/azure-sdk-for-java 3072 5261 5350 5399
Azure/azure-sdk-for-java 3090 5365
Azure/azure-sdk-for-java 3091 3168 3321 3386 5366 5575 5648
Azure/azure-sdk-for-java 3108 3203 3422
Azure/azure-sdk-for-java 3114 3115 3127 4156 5388 5405
Azure/azure-sdk-for-java 3116 3117 3130 5389
Azure/azure-sdk-for-java 3123 5397
Azure/azure-sdk-for-java 3126 5400
Azure/azure-sdk-for-java 3134 3172 3948 3994 5413 6143 6187 6248
Azure/azure-sdk-for-java 3149 3153
Azure/azure-sdk-for-java 3157 5433
Azure/azure-sdk-for-java 3159 5438
Azure/azure-sdk-for-java 3161 5440
Azure/azure-sdk-for-java 3200 3220
Azure/azure-sdk-for-java 3205 3307
Azure/azure-sdk-for-java 3226 5487
Azure/azure-sdk-for-java 3228 3330
Azure/azure-sdk-for-java 3232 5210
Azure/azure-sdk-for-java 3239 3395
Azure/azure-sdk-for-java 3242 3287
Azure/azure-sdk-for-java 3247 3253 3509 3955 4126 4175 6329 6395 6490
Azure/azure-sdk-for-java 3256 3257 5509
Azure/azure-sdk-for-java 3278 5527
Azure/azure-sdk-for-java 3306 3320
Azure/azure-sdk-for-java 3350 3351
Azure/azure-sdk-for-java 3410 5700
Azure/azure-sdk-for-java 3413 3457 4205 6527
Azure/azure-sdk-for-java 3428 3441
Azure/azure-sdk-for-java 3475 5777 5783 5795
Azure/azure-sdk-for-java 3488 3497 3585 3748 5826 6067
Azure/azure-sdk-for-java 3527 3528
Azure/azure-sdk-for-java 3569 5880
Azure/azure-sdk-for-java 3614 5914
Azure/azure-sdk-for-java 3622 3941 5917
Azure/azure-sdk-for-java 3625 3634 5922
Azure/azure-sdk-for-java 3633 5941
Azure/azure-sdk-for-java 3659 3671 5981
Azure/azure-sdk-for-java 3672 3673 5991 6057
Azure/azure-sdk-for-java 3677 3745
Azure/azure-sdk-for-java 3678 5911 5997
Azure/azure-sdk-for-java 3684 3726 4083 6435
Azure/azure-sdk-for-java 3711 3724 4217 4425 4434 6622 6623
Azure/azure-sdk-for-java 3721 3722 3723 3987 6045 6148 6180
Azure/azure-sdk-for-java 3725 3727 4128 6046 6467
Azure/azure-sdk-for-java 3740 6060
Azure/azure-sdk-for-java 3743 3744 6066
Azure/azure-sdk-for-java 3753 4498
Azure/azure-sdk-for-java 3757 6072
Azure/azure-sdk-for-java 3790 3824 3829 3843
Azure/azure-sdk-for-java 3855 3859
Azure/azure-sdk-for-java 3892 4022
Azure/azure-sdk-for-java 3907 3918 3986 4023
Azure/azure-sdk-for-java 3913 4089
Azure/azure-sdk-for-java 3952 6332
Azure/azure-sdk-for-java 4056 4068
Azure/azure-sdk-for-java 4176 6491
Azure/azure-sdk-for-java 4184 4188
Azure/azure-sdk-for-java 4203 4208
Azure/azure-sdk-for-java 4238 7538 7571
Azure/azure-sdk-for-java 4240 4266 6543
Azure/azure-sdk-for-java 4243 6546
Azure/azure-sdk-for-java 4265 4268
Azure/azure-sdk-for-java 4313 4403
Azure/azure-sdk-for-java 4340 4344
Azure/azure-sdk-for-java 4411 6606
Azure/azure-sdk-for-java 4416 4417
Azure/azure-sdk-for-java 4565 5086
Azure/azure-sdk-for-java 4644 4677
Azure/azure-sdk-for-java 4645 4678
Azure/azure-sdk-for-java 4674 4675 6699 6700 6701 6702 7921 7922 7923 7924 7925 8289 8418 8580 8581 8582 8583 8584 9589 9590 9591 9592 9593 9594 9595 9596 9597 9598 9599 9600 9601 9602 9603 9604 11557 11558 11559 11747
Azure/azure-sdk-for-java 4704 4720
Azure/azure-sdk-for-java 4706 4719
Azure/azure-sdk-for-java 4725 4786
Azure/azure-sdk-for-java 4733 6818
Azure/azure-sdk-for-java 4736 4737 6690 7249
Azure/azure-sdk-for-java 4777 4792 6828
Azure/azure-sdk-for-java 4794 4807
Azure/azure-sdk-for-java 5057 5058
Azure/azure-sdk-for-java 5084 5128 5160
Azure/azure-sdk-for-java 5108 5192
Azure/azure-sdk-for-java 5150 5190 5209 5222
Azure/azure-sdk-for-java 5185 5804 5862 5989
Azure/azure-sdk-for-java 5229 5268
Azure/azure-sdk-for-java 5346 5416 5452 5474
Azure/azure-sdk-for-java 5354 5689 5708
Azure/azure-sdk-for-java 5401 5469
Azure/azure-sdk-for-java 5419 5528
Azure/azure-sdk-for-java 5539 5555
Azure/azure-sdk-for-java 5548 5690
Azure/azure-sdk-for-java 5618 5806 5829 5951 5958 5959 6012
Azure/azure-sdk-for-java 5693 5734 5764
Azure/azure-sdk-for-java 5739 6001
Azure/azure-sdk-for-java 5827 5910
Azure/azure-sdk-for-java 5853 6024 7064 8104 8105 8106 8354
Azure/azure-sdk-for-java 5932 5964
Azure/azure-sdk-for-java 6080 6082
Azure/azure-sdk-for-java 6131 6144
Azure/azure-sdk-for-java 6134 6671
Azure/azure-sdk-for-java 6135 6213
Azure/azure-sdk-for-java 6151 6397
Azure/azure-sdk-for-java 6161 8944 10037 10038 10039
Azure/azure-sdk-for-java 6176 6202
Azure/azure-sdk-for-java 6191 6224 6228
Azure/azure-sdk-for-java 6210 6221 6226
Azure/azure-sdk-for-java 6214 6370 6602
Azure/azure-sdk-for-java 6230 6234
Azure/azure-sdk-for-java 6424 8186 8190 8193 8242 8273 9030
Azure/azure-sdk-for-java 6512 10846
Azure/azure-sdk-for-java 6557 6684
Azure/azure-sdk-for-java 6632 6633 7844
Azure/azure-sdk-for-java 6649 7248
Azure/azure-sdk-for-java 6651 7245
Azure/azure-sdk-for-java 6678 6679 7903
Azure/azure-sdk-for-java 6708 7257
Azure/azure-sdk-for-java 6771 6835 7322 7839
Azure/azure-sdk-for-java 6786 6787 6788 6789 7937
Azure/azure-sdk-for-java 6837 7871
Azure/azure-sdk-for-java 6855 6981
Azure/azure-sdk-for-java 6856 7699
Azure/azure-sdk-for-java 6860 6861 6862 6863 7974
Azure/azure-sdk-for-java 6886 7068
Azure/azure-sdk-for-java 6888 6889 7932
Azure/azure-sdk-for-java 6899 6900 6901 6902 6903 6904 6905 6906 6907 6908 6909 6910 6911 6912 6913 6914 6915 6916 7938 8060 8061
Azure/azure-sdk-for-java 6942 6943 7993
Azure/azure-sdk-for-java 6956 7962
Azure/azure-sdk-for-java 6958 6959 6960 7335
Azure/azure-sdk-for-java 6963 6964 7961
Azure/azure-sdk-for-java 6971 6972 7982
Azure/azure-sdk-for-java 6986 6990
Azure/azure-sdk-for-java 6995 6996 6997 6998 7989
Azure/azure-sdk-for-java 7004 7005 7006 7007 7008 7009 7908
Azure/azure-sdk-for-java 7010 7011 7012 7013 7014 8011
Azure/azure-sdk-for-java 7041 7042 7918
Azure/azure-sdk-for-java 7043 7044 7045 7975 7976 7977 7978 7979 8290 8395 8646 8647 9452 9453 9454 9455 9456 9457 9458 9459 9460 9826 9827 9828 9829 9830 9831 9832 9833 9834 9835 9836 9837 9838 9839 9840 9841 9842 9843 11167 11168 11169 11170 11171 11172 11173 11174 11175 11321 11322 11323 11324 11325 11390 11391 11392 11393
Azure/azure-sdk-for-java 7052 7058 7061
Azure/azure-sdk-for-java 7062 7063 7583 8019 8020 8021
Azure/azure-sdk-for-java 7090 7166
Azure/azure-sdk-for-java 7097 7733 7838 9222
Azure/azure-sdk-for-java 7123 7124 7165 7227 7639 7640
Azure/azure-sdk-for-java 7126 7240
Azure/azure-sdk-for-java 7128 7129 8018
Azure/azure-sdk-for-java 7130 7145 7243 7402
Azure/azure-sdk-for-java 7136 7137 7138 7139 7140 7905 7986 8039 8040 8041 8282 8283 8284 8285 8286 8287 8305 9049
Azure/azure-sdk-for-java 7156 7333 7334 8084
Azure/azure-sdk-for-java 7168 7169 7170 7171 7172 7173 7174 8065
Azure/azure-sdk-for-java 7196 7228
Azure/azure-sdk-for-java 7197 7198 7199 7200 7201 7939
Azure/azure-sdk-for-java 7231 7232
Azure/azure-sdk-for-java 7254 7289
Azure/azure-sdk-for-java 7260 7261 7262 7263 8058
Azure/azure-sdk-for-java 7265 7266 7267 7917
Azure/azure-sdk-for-java 7269 7270 8017
Azure/azure-sdk-for-java 7272 8085
Azure/azure-sdk-for-java 7281 7386
Azure/azure-sdk-for-java 7282 7283 7284 7286 7287 7288 8087
Azure/azure-sdk-for-java 7293 7316
Azure/azure-sdk-for-java 7323 7324 7325 7326 7327 7328 7329 7330 8100
Azure/azure-sdk-for-java 7337 9682
Azure/azure-sdk-for-java 7345 7347
Azure/azure-sdk-for-java 7357 7358 7359 7360 8057
Azure/azure-sdk-for-java 7362 8120
Azure/azure-sdk-for-java 7366 7367 7368 7369 7370 7371 7372 7373 7374 7375 7376 7377 7378 7379 7380 7381 7382 7383 8124
Azure/azure-sdk-for-java 7403 7476
Azure/azure-sdk-for-java 7406 7489
Azure/azure-sdk-for-java 7430 7512
Azure/azure-sdk-for-java 7432 7555
Azure/azure-sdk-for-java 7437 8147
Azure/azure-sdk-for-java 7441 7442 7443 7444 7445 7446 7447 7448 7449 7450 7451 7452 7453 7454 7455 7456 7457 7458 7803
Azure/azure-sdk-for-java 7459 7460 8129
Azure/azure-sdk-for-java 7461 7462 7463 7464 7465 7466 7467 7468 7469 8118
Azure/azure-sdk-for-java 7483 8081
Azure/azure-sdk-for-java 7518 7519 7520 7521 7522 7523 8168
Azure/azure-sdk-for-java 7524 7525 7526 7527 7528 7529 7530 7531 7915 7916 8176 8177 8178 8179 8180 8181 8182 8386 11177 11178 11179 11180 11181
Azure/azure-sdk-for-java 7532 7533 8165
Azure/azure-sdk-for-java 7545 7546 8187 8188
Azure/azure-sdk-for-java 7547 7548 7897
Azure/azure-sdk-for-java 7557 7558 7559 7560 7561 7562 7563 7564 7565 7566 7567 7568 8170 8370
Azure/azure-sdk-for-java 7600 8095
Azure/azure-sdk-for-java 7601 7602 7603 7604 7605 7994
Azure/azure-sdk-for-java 7631 7650 7651 7652
Azure/azure-sdk-for-java 7655 7656 7657 7658 7832
Azure/azure-sdk-for-java 7660 7661 7662 7663 7664 7665 7969
Azure/azure-sdk-for-java 7683 7684 7685 7686 7687 7688 7689 8164
Azure/azure-sdk-for-java 7705 7706 7707 7708 7709 7710 7711 7712 7713 7714 7715 7716 7717 7718 7719 7720 7721 7722 8204
Azure/azure-sdk-for-java 7724 7732
Azure/azure-sdk-for-java 7727 7728 7729 7730 7731 8202
Azure/azure-sdk-for-java 7742 8212
Azure/azure-sdk-for-java 7744 7745 7746 7747 8214
Azure/azure-sdk-for-java 7755 7756 7757 7758 7759 7760 8171 8172 8173 8174 8175 8358
Azure/azure-sdk-for-java 7770 7837
Azure/azure-sdk-for-java 7807 7933
Azure/azure-sdk-for-java 7831 8466 9240 9514 11141
Azure/azure-sdk-for-java 7851 7852 7853 7854 7855 8230 8231 8232 8233 8364
Azure/azure-sdk-for-java 7866 7867 7868 8210
Azure/azure-sdk-for-java 7906 8067 8280
Azure/azure-sdk-for-java 7983 8486 8552 8604
Azure/azure-sdk-for-java 7984 8303
Azure/azure-sdk-for-java 8036 8112
Azure/azure-sdk-for-java 8046 8055
Azure/azure-sdk-for-java 8047 8048 8302
Azure/azure-sdk-for-java 8049 8086 8117
Azure/azure-sdk-for-java 8059 8374 8375
Azure/azure-sdk-for-java 8094 10012 10013 10014 10015 10016 10017
Azure/azure-sdk-for-java 8098 8167
Azure/azure-sdk-for-java 8243 8538 8539 8540 8541 8542 8545 8546 8547 8548 8549 8594 8595 8596 8597 8598 8599 8649 8650 8651 8652 8653 8654 8655 8656 8657 8658 8659 8660 8661 8662 8663 8664 8665 8666 8897 8929 8930 8931 8932 8933 9563 9564 9565 9566 9567 9568 9569 9570 9571 9572 9573 9574 9575 9576 9577 9578 9579 9580 9581 9582 9583 9584 9585 9586 9587 9870 9957 9958 9959 9960 10121 10122 10566 10567 10568 10569 10570 10742 10743 10744 10745 10746 10747 10748 10749 10750 11414 11612 11613 11614 11616 11618 11620 11622 11624 11626 11627 11628 11629 11630 11631 11632 11633 11634 11635 11636 11706 11707 11769
Azure/azure-sdk-for-java 8247 8309
Azure/azure-sdk-for-java 8293 8294 8295 8296 8297 8298 8431
Azure/azure-sdk-for-java 8299 9975 9988 10218
Azure/azure-sdk-for-java 8301 8790 8791 8792 10130
Azure/azure-sdk-for-java 8336 8346
Azure/azure-sdk-for-java 8342 8343 8421 8443 8444 8445 8446 8447
Azure/azure-sdk-for-java 8369 8424 8425 8426 8454 8455 8456 8457 8458 8459 8460 8485 8717 8718 8719 8720 8721 8722 8723 8724 8725 8726 8727 8728 8729 8730 8731 8732 8733 8734 9257 9258 9259 9260 9261 9262 9263 9264 9265 9266 9267 9268 9269 9270 9271 9272 9273 9274 9480 10019 10020 10131 10132 10133 10134 10135 10751 10752 10753 10754 10755 10756 10757 10758 10759 10760 10761 10762 10763 10764 10765 10766 10767 10768 10891 10892 10893 10894 11004 11005 11006 11007 11008 11009 11010 11011 11012 11013 11014 11015 11016 11017 11156 11405
Azure/azure-sdk-for-java 8373 8449
Azure/azure-sdk-for-java 8376 8377 8410
Azure/azure-sdk-for-java 8378 8379 8416
Azure/azure-sdk-for-java 8393 8503
Azure/azure-sdk-for-java 8401 8402 8403 8404 8405 8406 8407 8408 8467 8785 8786 8787 8788 9417 9418 9419 9420 9421 9422 9423 9424 9425 9426 9427 9428 9429 9430 9431 9432 9433 9434 10443 10444 10445 11238 11444 11445 11602 11603 11604 11605 11606 11607 11608 11609 11610 11766
Azure/azure-sdk-for-java 8433 8434 8435 8436 8489 9707
Azure/azure-sdk-for-java 8441 8497
Azure/azure-sdk-for-java 8450 8864 9900 9901 9902 9903 9904 9905 9906
Azure/azure-sdk-for-java 8471 8959 8960
Azure/azure-sdk-for-java 8474 8689 8690 8691 8692 9358 9359
Azure/azure-sdk-for-java 8491 8535 8536 8537 8751 8752 8753 8754 8755 8756 8757 8758 8759 8829 8830 8831 8832 9224 9225 9226 9227 9228 9229 9230 9286 9443 9444 9446 9447 9448 9449 9450 9543 9544 9699 9700 9701 9702 9703 9995 9996 9998 10001 10002 10514 10515 10516 10584 11139 11140 11157 11164 11165 11166 11510
Azure/azure-sdk-for-java 8505 8607 9944 9955 10140
Azure/azure-sdk-for-java 8507 10483 10484
Azure/azure-sdk-for-java 8511 9003 9004 9005 9006 9007 9008 9009 9010 9014 9015 10058 10059 10060 10061 10062 10063 10151 10152 10153 10154 10155 10156 10157 10158 10159 10160 10161 10162 10163 10164 10165 10166 10167 10168
Azure/azure-sdk-for-java 8513 8855 8857
Azure/azure-sdk-for-java 8517 8526 8527 8528 8585 8586 8587 8588 8589 8590 8591 8592 8593 9151 9152 9183 9184 9185 9186 9187 9214 9215 9216 9217 9218 9219 9220 9231 9232 9233 9234 9235 9236 9237 9393 9445 9462 10424 10510 10560 10561 10562 10617 10618 10619 10620 10621 10622 10623 10624 10625 10877 11201
Azure/azure-sdk-for-java 8520 8559 8560 8618 8619 8620 8621 8622 8633 8634 8635 8636 8637 8865
Azure/azure-sdk-for-java 8524 9287 9288 9289 9290 9291 9292 9293 9294 9295 9296 9297 9298 9299 9300 9301 9302 9303 9304 10653 10654 10655 10656 10657 10658 10659 10692 10700 10708 10709 10710 10711 10712 10713 10714 10798 10799 10856 11087 11088 11089 11090 11091 11092 11093 11246 11247 11248 11249 11250
Azure/azure-sdk-for-java 8525 8561 8562 8563 8564 8565 8566 8567 8568 8569 8570 8571 8572 8573 8574 8575 8576 8577 8578 8668 8669 8670 8671 8672 8673 8674 8795 8796 8797 8798 8799 8800 8801 8803 8804 8805 8806 8807 8808 8809 8810 8811 8812 8813 8814 8815 8816 8817 8818 8891 8892 8893 8962 8963 8964 8965 8966 8967 8968 8969 8970 8971 8972 8973 9365 9366 9367 9368 9369 9370 9371 9372 9373 9374 9375 9376 9377 9378 9379 9380 9381 9382 9383 9384 9385 9386 9387 9388 9389 9463 9464 9482 9519 9520 9521 9522 9556 9557 9558 9559 9560 9561 9562 9683 9684 9728 9729 9964 9965 9966 9967 9968 9969 10040 10041 10042 10043 10045 10046 10047 10048 10858 10859 10860 10861 10862 10863 10864 10865 10866 10867 10868 10869 10870 10871 10872 10873 10874 10875 10876 10878 10879 10880 10881 10882 10883 10884 10885 10888 10917 10918 10919 10994 10995 10996 10997 10998 10999 11000 11001 11340 11341 11342 11446 11447 11448 11449 11560 11721
Azure/azure-sdk-for-java 8543 8543 8544
Azure/azure-sdk-for-java 8543 8544
Azure/azure-sdk-for-java 8554 8600 8601 8602 8603 8735 8736 8737 8738 8839 8840 8841 8842 8843 8844 8845 8846 9621 9625 9626 9627 9628 9629 9630 9631 9632 9633 9634 9635 9636 9637 9638 9639 9640 9641 9642 9885 10304 10305 10306 10307 10308 11018 11019 11020 11021 11022 11023 11024 11025 11026 11569 11570 11571 11572 11573 11574 11575 11576 11577 11578 11579 11580 11581 11639 11640 11641 11688 11689 11690 11691 11692 11693 11694 11695 11696 11723 11724 11725 11726 11727 11728 11729 11730 11731 11732 11733 11734 11735 11736 11737 11738 11739 11740 11741
Azure/azure-sdk-for-java 8558 8918 8919 8920 8921 8922 9819 9820 9821 9822 9823 9824 9825 9887 9888 9889 9890 9892 9893 9894
Azure/azure-sdk-for-java 8631 8848 8849 8850 8851 8852 8853 8854 8856 9777
Azure/azure-sdk-for-java 8643 9024 9025 9026 9533 11301
Azure/azure-sdk-for-java 8679 9171
Azure/azure-sdk-for-java 8688 10641
Azure/azure-sdk-for-java 8705 9065 9066 9068 9069 10229 10232 10234 10235 10236 10237 10238 10239 10240 10241 10242 10243 10244 10245
Azure/azure-sdk-for-java 8709 9205 9206 9207 9208 9209 10511 10512 10513 10938 10939
Azure/azure-sdk-for-java 8712 8838
Azure/azure-sdk-for-java 8766 9223
Azure/azure-sdk-for-java 8772 10108 10110 10111
Azure/azure-sdk-for-java 8773 11273 11274 11275 11276 11277 11278 11279
Azure/azure-sdk-for-java 8784 9671 9672 9673 9674 9675 9676 9677 9678 9679 11708 11709 11710 11711 11712 11802 11803 11804 11805
Azure/azure-sdk-for-java 8793 8878
Azure/azure-sdk-for-java 8827 9484 9485 9486 9487 9489 9490 9491 9492 9493 11394 11395 11396 11397 11398 11399 11400 11401 11402 11406 11407 11461 11462 11463 11464 11465 11466 11467 11468 11856 11857 11858 11859 11860 11861 11862 11863 11864 11865 11866 11867 11868 11869 11870 11871 11872 11873 11874 11875
Azure/azure-sdk-for-java 8847 9780 9781 9782 9783
Azure/azure-sdk-for-java 8873 9669 9670
Azure/azure-sdk-for-java 8875 11415 11416
Azure/azure-sdk-for-java 8887 9730
Azure/azure-sdk-for-java 8901 10011
Azure/azure-sdk-for-java 8905 9745
Azure/azure-sdk-for-java 8915 9993
Azure/azure-sdk-for-java 8917 9767 9768 9769 9770 9771 9772 9773 9774
Azure/azure-sdk-for-java 8934 9985 9986 9987
Azure/azure-sdk-for-java 8937 9895 9896 9897 9898
Azure/azure-sdk-for-java 8953 10223
Azure/azure-sdk-for-java 8957 10402 10403 10404
Azure/azure-sdk-for-java 8976 9946 9947 9948 9949
Azure/azure-sdk-for-java 8979 9963
Azure/azure-sdk-for-java 8983 10105
Azure/azure-sdk-for-java 8987 10438 10439
Azure/azure-sdk-for-java 8990 10064 10065 10066 10067 10068 10069 10070 10071 10072 10073 10074 10075 10076 10077 10078 10079 10080 10081
Azure/azure-sdk-for-java 8998 8999
Azure/azure-sdk-for-java 9001 10988 10989 10990 10991 10992
Azure/azure-sdk-for-java 9002 10651 10652
Azure/azure-sdk-for-java 9011 10266 10267 10268 10269 10270
Azure/azure-sdk-for-java 9012 10423
Azure/azure-sdk-for-java 9017 10120 10123 10124 10125 10126 10127 10128 10129
Azure/azure-sdk-for-java 9036 10289 10290 10291
Azure/azure-sdk-for-java 9038 10379
Azure/azure-sdk-for-java 9047 9159 10314
Azure/azure-sdk-for-java 9052 10175 10176 10177 10178
Azure/azure-sdk-for-java 9060 10209 10210
Azure/azure-sdk-for-java 9064 10292 10293 10294
Azure/azure-sdk-for-java 9067 10246 10247 10248 10249 10250 10251 10252 10253 10254 10256 10257 10258 10259 10260 10261 10262 10263 10264
Azure/azure-sdk-for-java 9070 10224 10225
Azure/azure-sdk-for-java 9085 11228 11229 11230
Azure/azure-sdk-for-java 9116 10501 10502 10503 10504 10505 10506 10507 10508 10509
Azure/azure-sdk-for-java 9154 10417 10418
Azure/azure-sdk-for-java 9170 10518
Azure/azure-sdk-for-java 9188 9435 9436 11130 11131 11132 11133 11134 11135 11136 11319
Azure/azure-sdk-for-java 9192 10455
Azure/azure-sdk-for-java 9197 9198 9281
Azure/azure-sdk-for-java 9201 9353
Azure/azure-sdk-for-java 9211 11722
Azure/azure-sdk-for-java 9245 10677 10678 10679
Azure/azure-sdk-for-java 9282 10715 10716 10717 10718 10719 10720 10721
Azure/azure-sdk-for-java 9315 10902 10903 10904 10905 10906 10907 10908
Azure/azure-sdk-for-java 9324 10826 10827 10828 10829 10830 10831 10832
Azure/azure-sdk-for-java 9325 10803 10804 10805 10806 10807 10808 10809 10810 10811 10812 10813 10814 10815 10816 10817 10818 10819 10820 10821
Azure/azure-sdk-for-java 9326 10985 10986
Azure/azure-sdk-for-java 9335 10896 10897 10898
Azure/azure-sdk-for-java 9337 10773 10775 10776 10777 10778 10779 10780 10781 10782 10783 10784 10785 10786 10787 10788 10789 10790 10791 10792 10793
Azure/azure-sdk-for-java 9362 11600 11601
Azure/azure-sdk-for-java 9390 11743 11744 11745 11746
Azure/azure-sdk-for-java 9392 9658 11664 11665 11666 11667 11668 11669
Azure/azure-sdk-for-java 9395 10285 10597 10614 11796
Azure/azure-sdk-for-java 9402 11117 11118 11119 11120 11121 11122 11123 11124
Azure/azure-sdk-for-java 9404 11085 11086
Azure/azure-sdk-for-java 9410 10313 11058 11059 11060 11061 11062 11063 11064
Azure/azure-sdk-for-java 9411 11125
Azure/azure-sdk-for-java 9469 11701
Azure/azure-sdk-for-java 9472 10211 10273 11657 11658
Azure/azure-sdk-for-java 9483 11502 11503 11504
Azure/azure-sdk-for-java 9497 11244 11245
Azure/azure-sdk-for-java 9500 11408
Azure/azure-sdk-for-java 9508 11452 11453 11454 11455 11456
Azure/azure-sdk-for-java 9527 11357 11358 11359 11360 11361 11362 11363
Azure/azure-sdk-for-java 9528 11350 11351 11352
Azure/azure-sdk-for-java 9531 11487
Azure/azure-sdk-for-java 9541 11489 11490 11491 11492 11493 11494
Azure/azure-sdk-for-java 9545 11365 11366 11367 11368 11369 11370 11371 11372
Azure/azure-sdk-for-java 9552 11850 11851 11852 11853
Azure/azure-sdk-for-java 9605 11553 11554
Azure/azure-sdk-for-java 9610 11561 11562 11563 11564 11565 11566 11567 11568
Azure/azure-sdk-for-java 9615 11551 11552
Azure/azure-sdk-for-java 9651 11615 11617 11619 11621 11623 11625
Azure/azure-sdk-for-java 9654 11765
Azure/azure-sdk-for-java 9680 11797 11798 11799 11800
Azure/azure-sdk-for-java 9688 12008 12009
Azure/azure-sdk-for-java 9732 11839 11840 11841 11842 11843 11844
Azure/azure-sdk-for-java 9733 11910 11911
Azure/azure-sdk-for-java 9741 11914 11915
Azure/azure-sdk-for-java 9743 9787 12004 12005 12006 12007
Azure/azure-sdk-for-java 9751 11920 11921 11922 11923 11924 11925 11926
Azure/azure-sdk-for-java 9752 11927 11928 11929 11930 11931 11932 11933 11934 11935 11936 11937 11938 11939 11940 11941 11942 11943 11944 11945 11946
Azure/azure-sdk-for-java 9754 11970 11971 11972 11973 11974 11975 11976 11977
Azure/azure-sdk-for-java 9756 11848 11849
Azure/azure-sdk-for-java 9758 10029
Azure/azure-sdk-for-java 9760 12016 12017 12018
Azure/azure-sdk-for-java 9776 11901 11902 11903 11904 11905 11906 11907 11908 11909
Azure/azure-sdk-for-java 9789 10839
Azure/azure-sdk-for-java 9793 12010 12011 12012 12013 12014 12015
Azure/azure-sdk-for-java 9806 10377 10579
Azure/azure-sdk-for-java 9853 9854
Azure/azure-sdk-for-java 9863 9990
Azure/azure-sdk-for-java 9864 9934 9945 9989
Azure/azure-sdk-for-java 9912 10030
Azure/azure-sdk-for-java 9953 10329 10470
Azure/azure-sdk-for-java 10084 10086
Azure/azure-sdk-for-java 10088 10100
Azure/azure-sdk-for-java 10106 11611
Azure/azure-sdk-for-java 10419 10582
Azure/azure-sdk-for-java 10487 10488 10634
Azure/azure-sdk-for-java 10490 10564
Azure/azure-sdk-for-java 10536 10576
Azure/azure-sdk-for-java 10590 10794
Azure/azure-sdk-for-java 10680 10687 10696
Azure/azure-sdk-for-java 10735 11051
Azure/azure-sdk-for-java 10895 11043
Azure/azure-sdk-for-java 10900 11101
Azure/azure-sdk-for-java 10968 11040
Azure/azure-sdk-for-java 10979 10982
Azure/azure-sdk-for-java 11045 11046 11053
Azure/azure-sdk-for-java 11152 11234
Azure/azure-sdk-for-java 11207 11471
Azure/azure-sdk-for-java 11258 11267
Azure/azure-sdk-for-java 11317 11376
Azure/azure-sdk-for-java 11475 11497
Azure/azure-sdk-for-java 11540 11590
Azure/azure-sdk-for-java 11656 11672
Azure/azure-sdk-for-java 11661 11682
Azure/azure-sdk-for-java 11670 11720
Azure/azure-sdk-for-java 11704 11780
