KSP-CKAN/CKAN 6 7 8 35 43 45 46 50 51 56 135 148 166 171 172 174 267 309 992 1131 1150 1265 1290 1357 1512 1538 1573 1581 1582 1584 1587 1589 1592 1593 1594 1608 1611 1615 1645 1652 1715 1781 1828 1841 1888 1971 1988 2027 2028 2160 2163 2175 2177 2179 2185 2187 2197 2202 2203 2204 2212 2215 2216 2225 2226 2233 2243 2246 2264 2270 2277 2311 2326 2337 2354 2365 2369 2407 2408 2418 2425 2515 2516 2517 2526 2532 2535 2536 2538 2553 2556 2557 2558 2560 2563 2564 2571 2577 2583 2599 2602 2605 2606 2610 2613 2617 2619 2628 2653 2654 2656 2657 2660 2669 2671 2680 2682 2689 2690 2694 2696 2697 2704 2727 2730 2734 2743 2745 2749 2757 2762 2766 2773 2787 2788 2798 2808 2812 2819 2824 2835 2854 2859 2866 2872 2893 2947 2948 2962 2963 2964 2966 2969 2970 2976 2980 2985 2989 3003 3009 3021 3031 3036 3041 3042 3043 3045 3055 3056 3057 3058 3059 3079 3096
KSP-CKAN/CKAN 17 1079
KSP-CKAN/CKAN 18 690
KSP-CKAN/CKAN 55 2273 2941
KSP-CKAN/CKAN 57 3087 3088
KSP-CKAN/CKAN 68 133 138 986 998 1132 2903
KSP-CKAN/CKAN 72 73 76 2582
KSP-CKAN/CKAN 80 83 86
KSP-CKAN/CKAN 82 2915
KSP-CKAN/CKAN 91 999 2681 2692 2996
KSP-CKAN/CKAN 92 2783
KSP-CKAN/CKAN 94 95
KSP-CKAN/CKAN 96 97
KSP-CKAN/CKAN 107 109 116 2518
KSP-CKAN/CKAN 123 991
KSP-CKAN/CKAN 125 146
KSP-CKAN/CKAN 131 1089
KSP-CKAN/CKAN 152 157 163
KSP-CKAN/CKAN 178 180 182 184 1209 1700
KSP-CKAN/CKAN 187 191 2940 3080
KSP-CKAN/CKAN 243 245 247 293 681
KSP-CKAN/CKAN 263 264
KSP-CKAN/CKAN 282 287 288 289 292 296 297
KSP-CKAN/CKAN 301 305
KSP-CKAN/CKAN 316 317
KSP-CKAN/CKAN 323 324
KSP-CKAN/CKAN 329 336
KSP-CKAN/CKAN 394 440
KSP-CKAN/CKAN 457 465
KSP-CKAN/CKAN 459 470
KSP-CKAN/CKAN 466 467
KSP-CKAN/CKAN 473 494
KSP-CKAN/CKAN 482 483 486 495 498 503 506 545
KSP-CKAN/CKAN 502 563 703
KSP-CKAN/CKAN 521 537 543
KSP-CKAN/CKAN 523 562
KSP-CKAN/CKAN 546 571
KSP-CKAN/CKAN 569 570
KSP-CKAN/CKAN 578 590
KSP-CKAN/CKAN 607 1006
KSP-CKAN/CKAN 619 738
KSP-CKAN/CKAN 718 722 1299 1320 1321
KSP-CKAN/CKAN 951 962
KSP-CKAN/CKAN 988 1001
KSP-CKAN/CKAN 989 1133
KSP-CKAN/CKAN 996 1047
KSP-CKAN/CKAN 1098 1110
KSP-CKAN/CKAN 1108 1337
KSP-CKAN/CKAN 1175 1219
KSP-CKAN/CKAN 1204 1206 1218
KSP-CKAN/CKAN 1211 1216 1223 1226 1258 1355 1379
KSP-CKAN/CKAN 1243 1244 1503 1728 1837 2189 2825
KSP-CKAN/CKAN 1254 1605
KSP-CKAN/CKAN 1255 2931 3001
KSP-CKAN/CKAN 1270 1295 1297
KSP-CKAN/CKAN 1304 1305
KSP-CKAN/CKAN 1325 1929 2131 2150 2242 2284 2290 2313 2332 2339 2382 2402 2406 2410 2430 2431 2539
KSP-CKAN/CKAN 1328 2348
KSP-CKAN/CKAN 1359 1692
KSP-CKAN/CKAN 1360 1361
KSP-CKAN/CKAN 1373 1908
KSP-CKAN/CKAN 1374 1378
KSP-CKAN/CKAN 1383 1398 1417
KSP-CKAN/CKAN 1394 1430
KSP-CKAN/CKAN 1397 1421
KSP-CKAN/CKAN 1410 1453
KSP-CKAN/CKAN 1424 1425
KSP-CKAN/CKAN 1426 1454
KSP-CKAN/CKAN 1434 1444 1481
KSP-CKAN/CKAN 1448 1525 1539
KSP-CKAN/CKAN 1452 1881 1920
KSP-CKAN/CKAN 1464 1478
KSP-CKAN/CKAN 1470 1476
KSP-CKAN/CKAN 1499 1690 2753 2758 2764 2793 3008
KSP-CKAN/CKAN 1577 1578 1597 1659 1662 1665 2170 2173
KSP-CKAN/CKAN 1602 1604
KSP-CKAN/CKAN 1694 1880
KSP-CKAN/CKAN 1703 1710
KSP-CKAN/CKAN 1717 1720
KSP-CKAN/CKAN 1730 1885
KSP-CKAN/CKAN 1737 1744
KSP-CKAN/CKAN 1772 1776
KSP-CKAN/CKAN 1845 1850
KSP-CKAN/CKAN 1849 1852
KSP-CKAN/CKAN 1866 1882 1887 2420 2432 2437 2486
KSP-CKAN/CKAN 1878 1879
KSP-CKAN/CKAN 1899 1900 1906
KSP-CKAN/CKAN 1926 1968
KSP-CKAN/CKAN 1957 1958 1965
KSP-CKAN/CKAN 1993 2115 2238 2241 2303
KSP-CKAN/CKAN 2018 2153
KSP-CKAN/CKAN 2023 2057 2058
KSP-CKAN/CKAN 2034 2936 2991
KSP-CKAN/CKAN 2049 2050
KSP-CKAN/CKAN 2120 2125 3064 3074
KSP-CKAN/CKAN 2137 2138
KSP-CKAN/CKAN 2183 2184
KSP-CKAN/CKAN 2192 2195
KSP-CKAN/CKAN 2214 2230 2236 2283
KSP-CKAN/CKAN 2237 2442
KSP-CKAN/CKAN 2239 2316
KSP-CKAN/CKAN 2248 2529 2540 2541 2594 2632
KSP-CKAN/CKAN 2263 2266 2297 2344 2411
KSP-CKAN/CKAN 2286 2709
KSP-CKAN/CKAN 2287 2288
KSP-CKAN/CKAN 2333 2334
KSP-CKAN/CKAN 2351 2374
KSP-CKAN/CKAN 2364 2821 2829 2869
KSP-CKAN/CKAN 2371 2573
KSP-CKAN/CKAN 2413 2426
KSP-CKAN/CKAN 2449 2482
KSP-CKAN/CKAN 2480 2528
KSP-CKAN/CKAN 2514 2668
KSP-CKAN/CKAN 2561 2579 2695
KSP-CKAN/CKAN 2565 2570 2587 2609 2677
KSP-CKAN/CKAN 2586 2600
KSP-CKAN/CKAN 2592 2728
KSP-CKAN/CKAN 2627 2642 2665 2670
KSP-CKAN/CKAN 2648 2659
KSP-CKAN/CKAN 2685 2920
KSP-CKAN/CKAN 2729 2756 2933
KSP-CKAN/CKAN 2744 2960 3028
KSP-CKAN/CKAN 2805 2816
KSP-CKAN/CKAN 2838 2839 2840
KSP-CKAN/CKAN 2879 2904 2946
KSP-CKAN/CKAN 2887 2896
KSP-CKAN/CKAN 2892 2981 2984 2987
KSP-CKAN/CKAN 2921 2929
KSP-CKAN/CKAN 2922 2942 2944
KSP-CKAN/CKAN 2928 2950 2953 3061
KSP-CKAN/CKAN 2971 3025
KSP-CKAN/CKAN 2994 3084 3085 3086 3089 3091
