CKAN/ckan 1 2 3 4 5 7 8 9 11 14 16 17 18 21 23 24 25 29 31 32 33 35 39 40 41 42 43 47 48 54 57 59 61 64 76 81 83 84 85 88 94 95 102 106 117 119 122 124 125 128 129 133 142 146 151 152 160 161 163 168 171 173 174 179 187 190 193 196 200 202 204 206 209 211 220 221 222 230 233 269 301 303 306 309 341 346 348 353 356 373 399 401 422 447 473 549 596 626 631 633 680 707 712 716 748 750 807 814 817 821 827 844 874 890 901 902 905 912 917 924 955 964 1011 1030 1034 1044 1045 1060 1096 1115 1117 1123 1144 1169 1177 1178 1184 1188 1193 1199 1205 1216 1226 1251 1327 1332 1350 1368 1383 1397 1421 1427 1500 1512 1534 1553 1571 1590 1591 1598 1605 1620 1656 1657 1658 1659 1661 1665 1682 1685 1696 1701 1714 1723 1724 1725 1727 1729 1745 1755 1792 1795 1799 1815 1830 1836 1838 1855 1875 1885 1894 1919 1956 1965 1967 1971 1978 2015 2027 2028 2048 2050 2052 2058 2083 2086 2092 2093 2106 2108 2137 2141 2146 2148 2151 2153 2221 2231 2259 2268 2270 2288 2289 2316 2327 2335 2349 2352 2354 2365 2392 2400 2407 2423 2471 2505 2512 2519 2560 2562 2570 2572 2595 2607 2610 2617 2618 2640 2647 2670 2696 2801 2817 2848 2857 2863 2917 2929 2948 2962 2965 2966 2971 3004 3027 3037 3039 3048 3072 3082 3084 3116 3118 3120 3129 3181 3190 3191 3192 3194 3197 3203 3205 3206 3207 3208 3210 3212 3213 3228 3239 3242 3247 3286 3288 3361 3384 3414 3428 3444 3467 3485 3523 3531 3537 3556 3562 3586 3601 3604 3609 3612 3617 3620 3621 3627 3640 3651 3657 3659 3662 3664 3668 3692 3700 3701 3710 3711 3719 3723 3751 3756 3762 3775 3777 3782 3786 3791 3816 3821 3862 3865 3870 3884 3891 3893 3914 3951 3965 3972 4003 4007 4016 4026 4032 4037 4041 4046 4050 4062 4114 4143 4188 4192 4207 4230 4248 4249 4317 4319 4359 4385 4399 4414 4447 4448 4450 4458 4467 4473 4481 4484 4491 4499 4506 4509 4525 4544 4562 4567 4575 4579 4581 4592 4600 4602 4623 4626 4627 4636 4648 4664 4685 4691 4711 4720 4739 4754 4757 4776 4778 4784 4788 4879 4967 5014 5047 5085 5096 5104 5107 5112 5114 5129 5226 5244 5247 5261 5264 5278
CKAN/ckan 10 1078 1079 1088 1104 1105 2207
CKAN/ckan 12 543 595 3646 3909
CKAN/ckan 13 205 274 325 1445 2983
CKAN/ckan 15 1446 2380 2615
CKAN/ckan 19 50 68 289 290 295 363 377 382 478 481 482 601 651 657 790 849 943 1147 1149 1155 1210 1283 1292 1349 1483 1486 1774 1816 1817 1819 2593 2599 2928 2932 2936 2968 2998 3090 3463 4489 5359
CKAN/ckan 22 2854
CKAN/ckan 26 1632
CKAN/ckan 27 165 1070
CKAN/ckan 30 66 167 180 257 2706 2777 2843 3163 3165 3216 3733 3767
CKAN/ckan 34 2326 2548 3344
CKAN/ckan 36 219 2818 4288
CKAN/ckan 37 3024
CKAN/ckan 46 1247
CKAN/ckan 52 267
CKAN/ckan 56 677
CKAN/ckan 58 788
CKAN/ckan 60 1791
CKAN/ckan 63 1301 1603 2909
CKAN/ckan 65 864 1131 1148 1962
CKAN/ckan 67 369 545
CKAN/ckan 69 2034
CKAN/ckan 70 1557 2049
CKAN/ckan 71 78 4257
CKAN/ckan 72 700 4236
CKAN/ckan 74 3881 3978 3996 4651
CKAN/ckan 75 77 2021 5033 5444
CKAN/ckan 87 144
CKAN/ckan 89 130 131 2002 2452 2485 2487 3600 3726
CKAN/ckan 90 1412
CKAN/ckan 91 2406
CKAN/ckan 98 1991
CKAN/ckan 103 4630
CKAN/ckan 105 2779 5350
CKAN/ckan 107 3353
CKAN/ckan 108 1679 2003 3042
CKAN/ckan 109 182 191 1837 3643 3856 3857 3858 3882 3885
CKAN/ckan 115 2223
CKAN/ckan 120 132 2868 3807
CKAN/ckan 137 145 3557
CKAN/ckan 156 4763 4775 4782 4853
CKAN/ckan 157 1840 2214 2554 2580 2582 2584 2752
CKAN/ckan 164 2785
CKAN/ckan 170 1873
CKAN/ckan 176 3211 3246 3272 3323
CKAN/ckan 177 261
CKAN/ckan 178 3164
CKAN/ckan 184 185 186
CKAN/ckan 188 189 195 3390 3479
CKAN/ckan 216 218
CKAN/ckan 226 459 461 462 466 896 979 980
CKAN/ckan 232 4387 5143
CKAN/ckan 234 5135 5204 5267 5406
CKAN/ckan 240 696 761 952 1013 1019 1022 1360 3043
CKAN/ckan 248 249
CKAN/ckan 260 3201
CKAN/ckan 264 548
CKAN/ckan 285 5346
CKAN/ckan 291 1731
CKAN/ckan 298 3534
CKAN/ckan 313 1614
CKAN/ckan 345 359
CKAN/ckan 349 408
CKAN/ckan 368 567
CKAN/ckan 383 3029
CKAN/ckan 384 385
CKAN/ckan 388 452
CKAN/ckan 400 604
CKAN/ckan 436 837
CKAN/ckan 480 493 530 531 627 693 746 792 833 848
CKAN/ckan 514 561
CKAN/ckan 515 4774
CKAN/ckan 517 560 562
CKAN/ckan 523 793
CKAN/ckan 556 588
CKAN/ckan 605 641
CKAN/ckan 637 1314 1322 1335
CKAN/ckan 642 686 718 719 720
CKAN/ckan 647 656
CKAN/ckan 666 776 777
CKAN/ckan 674 836
CKAN/ckan 685 722
CKAN/ckan 715 1000 1002 1035
CKAN/ckan 730 744 774
CKAN/ckan 769 942 961
CKAN/ckan 801 1082
CKAN/ckan 808 841
CKAN/ckan 813 822
CKAN/ckan 883 889
CKAN/ckan 893 894
CKAN/ckan 926 1025
CKAN/ckan 938 940 981
CKAN/ckan 971 1052
CKAN/ckan 978 1129 1197
CKAN/ckan 1008 1009
CKAN/ckan 1102 1691
CKAN/ckan 1111 1113
CKAN/ckan 1126 1425
CKAN/ckan 1133 1146
CKAN/ckan 1135 1140
CKAN/ckan 1194 1195
CKAN/ckan 1196 1200 1204
CKAN/ckan 1208 1316
CKAN/ckan 1259 1280
CKAN/ckan 1260 1265
CKAN/ckan 1275 1291
CKAN/ckan 1290 1304
CKAN/ckan 1321 1323
CKAN/ckan 1324 1396
CKAN/ckan 1325 1351
CKAN/ckan 1330 1617
CKAN/ckan 1337 1339 1341
CKAN/ckan 1375 4841
CKAN/ckan 1384 1385
CKAN/ckan 1386 1474 1525
CKAN/ckan 1430 1588
CKAN/ckan 1441 1442
CKAN/ckan 1452 1477
CKAN/ckan 1495 1883
CKAN/ckan 1503 1728
CKAN/ckan 1550 1703
CKAN/ckan 1612 1906
CKAN/ckan 1634 1641
CKAN/ckan 1664 1732 1765 1766
CKAN/ckan 1672 1692
CKAN/ckan 1674 1695
CKAN/ckan 1707 1921 2118
CKAN/ckan 1739 1742
CKAN/ckan 1776 4826
CKAN/ckan 1828 1881
CKAN/ckan 1852 2154 2159 2204 2205 2234 2242 2738 3424
CKAN/ckan 1871 1879 1880
CKAN/ckan 1886 2206 2209 2567
CKAN/ckan 1899 1908
CKAN/ckan 1920 2222
CKAN/ckan 1924 2382
CKAN/ckan 1936 2115
CKAN/ckan 1951 2119
CKAN/ckan 1952 2815
CKAN/ckan 1972 1973 1974 2020 2726
CKAN/ckan 1985 1990
CKAN/ckan 2000 2145
CKAN/ckan 2005 3522
CKAN/ckan 2006 2117
CKAN/ckan 2023 2065
CKAN/ckan 2037 2045
CKAN/ckan 2085 2107
CKAN/ckan 2101 2646
CKAN/ckan 2133 2307
CKAN/ckan 2134 2226
CKAN/ckan 2149 2257
CKAN/ckan 2200 2428
CKAN/ckan 2217 2256
CKAN/ckan 2244 2279
CKAN/ckan 2254 2880
CKAN/ckan 2262 2379
CKAN/ckan 2302 2313
CKAN/ckan 2384 2508
CKAN/ckan 2411 2537
CKAN/ckan 2427 2445
CKAN/ckan 2429 2434 2499
CKAN/ckan 2457 3218
CKAN/ckan 2461 2643
CKAN/ckan 2469 2625
CKAN/ckan 2483 2486 2491
CKAN/ckan 2484 2503 2883
CKAN/ckan 2530 2531
CKAN/ckan 2596 2638 2694
CKAN/ckan 2613 2737
CKAN/ckan 2641 2645
CKAN/ckan 2692 2725
CKAN/ckan 2698 2701
CKAN/ckan 2709 2710
CKAN/ckan 2711 2712
CKAN/ckan 2824 2825
CKAN/ckan 2846 2931
CKAN/ckan 2860 2861
CKAN/ckan 2905 3148
CKAN/ckan 2908 2942 2958
CKAN/ckan 2916 2933 2937
CKAN/ckan 2956 2963
CKAN/ckan 3010 3015
CKAN/ckan 3049 3068 3069 3122 3240 3374 3410 4881
CKAN/ckan 3053 3113
CKAN/ckan 3061 4563
CKAN/ckan 3077 3078
CKAN/ckan 3102 3551
CKAN/ckan 3103 3150
CKAN/ckan 3123 3125
CKAN/ckan 3174 3184 3200
CKAN/ckan 3221 3224 5432 5464
CKAN/ckan 3223 3261
CKAN/ckan 3234 3486
CKAN/ckan 3279 3280
CKAN/ckan 3331 3481
CKAN/ckan 3337 3359
CKAN/ckan 3355 3366 3735
CKAN/ckan 3376 3741
CKAN/ckan 3430 3466
CKAN/ckan 3487 3488
CKAN/ckan 3494 3995 4048
CKAN/ckan 3514 3544 3563
CKAN/ckan 3547 4599
CKAN/ckan 3553 3572 3582 3596
CKAN/ckan 3581 4068 4072 4074 4078
CKAN/ckan 3699 3705 4474
CKAN/ckan 3748 4618 5475
CKAN/ckan 3749 3835
CKAN/ckan 3779 3792
CKAN/ckan 3824 3844
CKAN/ckan 3855 3898
CKAN/ckan 3864 3867
CKAN/ckan 3908 3936 3937 3940
CKAN/ckan 3915 4215 4225
CKAN/ckan 3924 3925
CKAN/ckan 3952 4120 4612
CKAN/ckan 3962 3973
CKAN/ckan 3993 4191
CKAN/ckan 4018 4023
CKAN/ckan 4029 4057
CKAN/ckan 4038 4045 4896
CKAN/ckan 4042 4063
CKAN/ckan 4051 4052
CKAN/ckan 4054 4220
CKAN/ckan 4056 4058
CKAN/ckan 4069 4144 4157
CKAN/ckan 4132 4166
CKAN/ckan 4184 4189
CKAN/ckan 4195 4549
CKAN/ckan 4211 4219 4221
CKAN/ckan 4227 4290 4333 4334 4345 4357 4363 4390 4394 4430 4439
CKAN/ckan 4269 4274
CKAN/ckan 4315 4419 4429
CKAN/ckan 4356 4603
CKAN/ckan 4408 4411
CKAN/ckan 4409 4410
CKAN/ckan 4438 5413 5420
CKAN/ckan 4461 4462
CKAN/ckan 4492 5071
CKAN/ckan 4493 4497
CKAN/ckan 4528 4859 5054 5095
CKAN/ckan 4538 4539
CKAN/ckan 4595 4726 4727 4829 5322
CKAN/ckan 4601 5208
CKAN/ckan 4614 4812
CKAN/ckan 4635 4645
CKAN/ckan 4725 4737
CKAN/ckan 4752 4765
CKAN/ckan 4816 4820
CKAN/ckan 4857 5103
CKAN/ckan 4867 4904 4905 4906
CKAN/ckan 4876 5150 5381
CKAN/ckan 4877 4882
CKAN/ckan 4929 4969
CKAN/ckan 4945 4955
CKAN/ckan 4992 4997 5001
CKAN/ckan 5036 5038 5042
CKAN/ckan 5060 5094
CKAN/ckan 5062 5065 5066 5067
CKAN/ckan 5092 5101
CKAN/ckan 5124 5176 5181 5191 5198
CKAN/ckan 5128 5263 5329
CKAN/ckan 5130 5134 5138
CKAN/ckan 5169 5177
CKAN/ckan 5189 5337 5466
CKAN/ckan 5195 5246
CKAN/ckan 5230 5231
CKAN/ckan 5287 5288
CKAN/ckan 5300 5302
CKAN/ckan 5338 5339
CKAN/ckan 5360 5423
CKAN/ckan 5382 5409
CKAN/ckan 5386 5387 5388 5389 5390 5392 5393 5397
CKAN/ckan 5426 5486
CKAN/ckan 5436 5437 5449
CKAN/ckan 5473 5474
